#Insight Transform File V1.0
#Transform 0
Transform: MatrixOffsetTransformBase_double_3_3
Parameters: 0.9999992258856354 -0.0008517386721891173 0.0002220033990799633 0.0008512605272664809 0.9999988872626903 -0.0011778117384306616 -0.00022099726424275543 0.0011781889533696284 0.9999995632525809 0.02818550020027999 -0.03996547249118976 0.22434791436005241
FixedParameters: 0 0 0
#Transform 1
Transform: MatrixOffsetTransformBase_double_3_3
Parameters: 0.9999999200120147 0.00027801669293611795 -0.00005191047446549933 -0.00027798320494226876 0.9999998190320332 0.00032201439685497176 0.000052089506432616175 -0.000321985484860282 0.9999998936120196 -0.0023449746084196477 0.06990007448129631 0.08145961852834915
FixedParameters: 0 0 0
#Transform 2
Transform: MatrixOffsetTransformBase_double_3_3
Parameters: 0.9999999771990058 -0.00015099996176665869 7.247998164799617e-8 0.00015099996176665869 0.9999997467990641 -0.0004799998784635508 7.247998164799617e-8 0.0004799998784635508 0.9999997696000582 0.0018601924464149988 -0.01939312952055161 -0.03146333360452758
FixedParameters: 0 0 0
#Transform 3
Transform: MatrixOffsetTransformBase_double_3_3
Parameters: 0.9999997885959723 0.0003479264055626541 -0.00030008517854815446 -0.0003480736505226875 0.9999998188709639 -0.0002448955335282294 0.0003009146583230096 0.00024510468147146054 0.9999998496749557 -0.013878877078070673 -0.041279999401254486 -0.05593817510638388
FixedParameters: 0 0 0
#Transform 4
Transform: MatrixOffsetTransformBase_double_3_3
Parameters: 0.9999996317179827 0.00041912712051590475 -0.00043887871058636516 -0.0004188729396308179 0.9999997406289334 0.0002891838102622596 0.00043912131147668727 -0.0002898159279764842 0.9999997234689411 -0.03506485176825436 0.012809978483986129 0.017074277904924884
FixedParameters: 0 0 0
#Transform 5
Transform: MatrixOffsetTransformBase_double_3_3
Parameters: 0.9999996645901141 0.000256965658691806 -0.0005190167856557428 -0.00025703416666852935 0.9999999295950239 -0.00006586659462077063 0.0005189828616672691 0.00006613336053013263 0.999999726283093 -0.029589069215035124 -0.000053191311096156824 0.03847379269366513
FixedParameters: 0 0 0
#Transform 6
Transform: MatrixOffsetTransformBase_double_3_3
Parameters: 0.9999999865190009 -0.00011499611971510455 -0.000016027828845275065 0.00011500386371454663 0.9999999282110051 0.00024199814256524376 0.000015972168849285094 -0.00024200182256497866 0.9999999411800039 -0.022388264253194734 -0.031405826976552476 -0.08680390592082432
FixedParameters: 0 0 0
#Transform 7
Transform: MatrixOffsetTransformBase_double_3_3
Parameters: 0.99999975975506 -0.00021804340647911836 -0.00043897830823522984 0.00021795648450085285 0.9999999426750142 -0.00009909567722152227 0.0004390214722244369 0.00009890427326938206 0.9999997974780506 -0.025441600354355387 0.01391163875493362 0.01889720572701492
FixedParameters: 0 0 0
#Transform 8
Transform: MatrixOffsetTransformBase_double_3_3
Parameters: 0.9999998557341215 0.000025316822653817178 -0.00037897878045949345 -0.000024683135188118367 0.9999993004795897 0.0008360087701091733 0.0003790205804242494 -0.0008359898201251514 0.9999991574637104 -0.020836895147283485 0.06402609859696895 0.05461795899446287
FixedParameters: 0 0 0
#Transform 9
Transform: MatrixOffsetTransformBase_double_3_3
Parameters: 0.9999997597551736 -0.00021830494710658088 -0.0004388481725942821 0.00021769473754792718 0.9999994694513837 -0.0006950951992584952 0.00043915119237511707 0.0006949037953969318 0.9999993242544887 -0.02883359931310281 -0.0026085490844849346 -0.05718397947478593
FixedParameters: 0 0 0
#Transform 10
Transform: MatrixOffsetTransformBase_double_3_3
Parameters: 0.9999999358350051 -0.00007796986877878417 -0.00024100973076983354 0.00007803011877397684 0.9999999782910017 0.0001249811920277507 0.0002409902307713895 -0.0001250187880247509 0.9999999262940058 -0.010481816683878264 -0.02471132286721911 -0.03767143457032773
FixedParameters: 0 0 0
#Transform 11
Transform: MatrixOffsetTransformBase_double_3_3
Parameters: 0.9999997723100994 0.00018720054127966288 -0.0004389143493967688 -0.00018679929545482234 0.9999997561821065 0.00045708189346592724 0.0004390852673221564 -0.0004569177075376008 0.9999995984301752 -0.014473264971471167 0.027001636235539195 0.05137305767146216
FixedParameters: 0 0 0
#Transform 12
Transform: MatrixOffsetTransformBase_double_3_3
Parameters: 0.9999997711790706 -0.00018987570434549615 -0.0004390536343719417 0.00019012417826874006 0.9999998838110358 0.00028291650260426314 0.0004389460944051619 -0.0002830833225527308 0.9999997271900841 -0.02000488908981879 -0.00046468422497980555 0.014303379014776851
FixedParameters: 0 0 0
#Transform 13
Transform: MatrixOffsetTransformBase_double_3_3
Parameters: 0.9999999615960118 -0.00018997478854169066 -0.00004809954494580441 0.0001900250925259465 0.9999996893240973 0.0005239907160013857 0.00004790042500812497 -0.0005240089559956769 0.9999997231200864 -0.023999280585329075 -0.005941016436679547 -0.05050563060871127
FixedParameters: 0 0 0
#Transform 14
Transform: MatrixOffsetTransformBase_double_3_3
Parameters: 0.9999999475779454 0.00018005009412554033 -0.00014193643487284195 -0.00017995019514322554 0.999999842990964 0.0003530254975035206 0.00014106351502737586 -0.00035297455751253856 0.9999998553689616 -0.028055319176800708 0.01958962644123119 0.023323618357792952
FixedParameters: 0 0 0
#Transform 15
Transform: MatrixOffsetTransformBase_double_3_3
Parameters: 0.9999997711790971 -0.00018980588148719213 -0.00043908379374724084 0.0001901939573225762 0.9999997685360982 0.00044191640254569067 0.0004389158338184869 -0.00044208322247492825 0.9999996119151645 -0.020018091217480105 0.03514292869093083 0.02896552303781874
FixedParameters: 0 0 0
#Transform 16
Transform: MatrixOffsetTransformBase_double_3_3
Parameters: 0.9999999434510243 -0.00019008757682171897 -0.00014288346822890477 0.00018991225889751202 0.999999588131178 -0.0006130269049774345 0.00014311640812820066 0.0006129725650009266 0.9999996037821712 -0.02297345396129913 -0.021033327194359686 -0.09115990795020679
FixedParameters: 0 0 0
#Transform 17
Transform: MatrixOffsetTransformBase_double_3_3
Parameters: 0.9999999015699055 0.00013787700821888137 -0.0002820600866182968 -0.00013712291243645768 0.9999997909979373 -0.0004359612402137936 0.00028194018665289106 0.0004360387901914184 0.9999997303799549 -0.016858629065680475 0.005299509548208903 0.016442213297864328
FixedParameters: 0 0 0
#Transform 18
Transform: MatrixOffsetTransformBase_double_3_3
Parameters: 0.9999997152990848 0.0004740285235546289 -0.00024494446891101985 -0.0004739711935717355 0.9999997616350713 0.0001171160950537284 0.0002450553848779237 -0.00011688383512303243 0.999999926286022 -0.031117743239079232 0.04472782658068297 0.0469575832208875
FixedParameters: 0 0 0
#Transform 19
Transform: MatrixOffsetTransformBase_double_3_3
Parameters: 0.9999996618781405 0.00047090500638323485 -0.0003411307962922204 -0.00047109460230447564 0.9999997008751241 -0.0002778392735838986 0.0003408689204010052 0.0002781604954504612 0.9999998064350802 -0.011429974289214329 -0.007947865971402734 -0.043810506488640044
FixedParameters: 0 0 0
#Transform 20
Transform: MatrixOffsetTransformBase_double_3_3
Parameters: 0.9999998829350303 -0.00002787211781763396 -0.0003410104121250269 0.00002812786775172976 0.9999998585910364 0.00037499035536873527 0.0003409894121304384 -0.0003750094513638145 0.999999743094066 -0.002729982184405344 -0.0024450022953601547 0.007588139218832168
FixedParameters: 0 0 0
#Transform 21
Transform: MatrixOffsetTransformBase_double_3_3
Parameters: 0.9999998041951129 -0.00028159916227673073 -0.0003413311535773623 0.0002824005126161581 0.9999995398500011 0.0011749043356532847 0.0003406684532966628 -0.0011750966597347473 0.9999995030929854 0.018843956426323416 0.0836925780468647 0.10324004452092339
FixedParameters: 0 0 0
#Transform 22
Transform: MatrixOffsetTransformBase_double_3_3
Parameters: 0.9999996665631115 -0.0004659920013745153 -0.0003410106041140526 0.0004660076873692768 0.9999997823150727 0.00002284108637185375 0.00034098916812121154 -0.00002315889826571538 0.9999998831900392 0.01623665536902763 0.026293574564093092 0.01030486695245969
FixedParameters: 0 0 0
#Transform 23
Transform: MatrixOffsetTransformBase_double_3_3
Parameters: 0.9999998618150195 -0.00014801361930991626 -0.00034099403233414926 0.00014798633931372958 0.9999999764960035 -0.00004005046240154613 0.0003410058723324942 0.00003994952641565546 0.9999998821190165 0.02091546657180743 0.0052876771252812205 -0.010134930832052191
FixedParameters: 0 0 0
#Transform 24
Transform: MatrixOffsetTransformBase_double_3_3
Parameters: 0.9999998835980234 -0.00001090042580175473 -0.00034100314323126006 0.000011099569761594162 0.9999999146150171 0.0002919961901142963 0.0003409967192325556 -0.00029200369211278336 0.9999997984550405 -0.0009683655808601088 0.04509982698372994 0.047248568348727815
FixedParameters: 0 0 0
#Transform 25
Transform: MatrixOffsetTransformBase_double_3_3
Parameters: 0.9999998755289148 -0.00009011489554903994 -0.0003409695888355599 0.00009088506136570957 0.9999998782409142 -0.00033703095077311377 0.00034103058582104026 0.00033696922978780587 0.9999997701499398 -0.00848073601116539 -0.013286333515694082 -0.013242203096943683
FixedParameters: 0 0 0
#Transform 26
Transform: MatrixOffsetTransformBase_double_3_3
Parameters: 0.9999998755288342 -0.00009024648459245293 -0.0003409347093469721 0.0000907533982643783 0.999999469081097 -0.0007230305630544414 0.0003410655722622776 0.0007229688420943872 0.9999993609901671 -0.02031574055538954 -0.021203184048872004 -0.0404648987667926
FixedParameters: 0 0 0
#Transform 27
Transform: MatrixOffsetTransformBase_double_3_3
Parameters: 0.9999999308910087 -0.00009005902163184973 -0.00024697845882390917 0.00008994095564675319 0.9999999347790084 -0.00023902219982822773 0.0002470214788184787 0.00023897773983383992 0.999999881870015 -0.013145726824319581 0.021288808299374296 0.029783281788411387
FixedParameters: 0 0 0
#Transform 28
Transform: MatrixOffsetTransformBase_double_3_3
Parameters: 0.9999998755289098 -0.00009012171429652678 -0.00034096778410335437 0.0000908782401059427 0.9999998643609125 -0.0003570309410567219 0.00034103240108707605 0.00035696922007227074 0.9999997562699399 -0.0031932867174191415 0.006267925346577385 0.018402439029422624
FixedParameters: 0 0 0
#Transform 29
Transform: MatrixOffsetTransformBase_double_3_3
Parameters: 0.9999999841560111 -0.00009007280082041546 -0.00008792541832664967 0.0000899270729226331 0.9999993063164866 -0.0008280073392124679 0.00008807445822210892 0.0008279914992235785 0.9999993066724863 0.0024787011959688243 -0.0307046562776776 -0.07422293714121508
FixedParameters: 0 0 0
#Transform 30
Transform: MatrixOffsetTransformBase_double_3_3
Parameters: 0.9999999755160008 -0.00008998975722075636 -0.00012800719604662573 0.00009001023722012383 0.9999999855000004 0.00007998847752963586 0.0001279927960470705 -0.0000800115175289243 0.9999999772160006 -0.005158144312773061 -0.024997961398085522 -0.012341540044232602
FixedParameters: 0 0 0
#Transform 31
Transform: MatrixOffsetTransformBase_double_3_3
Parameters: 1.0000000867433254 -0.0007704842052174592 0.0005653426209280873 0.0007695169099052534 0.9999996769287693 0.0008544361251043006 -0.0005666585527132438 -0.0008545644842784289 0.9999999494731391 0.0414130491474225 0.07024010666472691 0.06023162232929735
FixedParameters: 0 0 0
#Transform 32
Transform: MatrixOffsetTransformBase_double_3_3
Parameters: 0.9999997068744593 -0.00108721907208332 0.00033328777360385484 0.0010867815319617498 0.9999993894053711 0.0006553625850921932 -0.0003347117439995043 -0.0006546364688904424 0.9999994594193904 0.0391406148181801 0.034923845592345515 -0.0026790064033050953
FixedParameters: 0 0 0
#Transform 33
Transform: MatrixOffsetTransformBase_double_3_3
Parameters: 0.999998300217251 -0.0013156446755344829 0.0009841388782350709 0.0013153549785717982 0.9999988404331814 0.0006552955215927154 -0.0009848621851419033 -0.0006547052996687408 0.9999996017330832 0.05532731487113551 0.017590988779460304 -0.010723248577981792
FixedParameters: 0 0 0
#Transform 34
Transform: MatrixOffsetTransformBase_double_3_3
Parameters: 0.9999989398956419 -0.001043262140017909 0.0009857234759934742 0.0010437388384323533 0.9999998406164251 0.0002660293502873972 -0.000985277575605806 -0.0002649726093686608 0.9999999582985274 0.034061295055124674 0.05872335186334965 0.061470554860278526
FixedParameters: 0 0 0
#Transform 35
Transform: MatrixOffsetTransformBase_double_3_3
Parameters: 0.9999982405491227 -0.0013152120936475965 0.001014724349554137 0.0013147868085639609 0.9999992268843167 0.000210334557364072 -0.0010152753346624928 -0.00020866510603576027 0.9999999258844541 0.029945228924162848 0.0409876926994599 0.03385093325034205
FixedParameters: 0 0 0
#Transform 36
Transform: MatrixOffsetTransformBase_double_3_3
Parameters: 0.9999987239140979 -0.0013143186428038012 0.0007402102846528253 0.0013156800626357924 0.9999984234541349 -0.0009200271804621511 -0.0007387893688281764 0.0009209720663455455 0.9999996058189891 0.03524912713474748 -0.00848394136063746 -0.08224839127738193
FixedParameters: 0 0 0
#Transform 37
Transform: MatrixOffsetTransformBase_double_3_3
Parameters: 0.9999982262906218 -0.0013145265372786284 0.0010226078356636108 0.0013154718872903353 0.9999990568686319 -0.00046165561271697866 -0.001021391460648548 0.0004633434737378805 0.9999997416096403 0.03241209947442769 0.007382017964019383 0.012151484825515979
FixedParameters: 0 0 0
#Transform 38
Transform: MatrixOffsetTransformBase_double_3_3
Parameters: 0.9999980900632115 -0.0013152387455065066 0.0010857096589942951 0.0013157598185281007 0.9999992208392583 0.0002214289651765235 -0.0010862897950183372 -0.0002195716980995541 0.9999997719832808 0.04247721572608043 0.055642662538105014 0.07162039026158595
FixedParameters: 0 0 0
#Transform 39
Transform: MatrixOffsetTransformBase_double_3_3
Parameters: 0.9999986900222559 -0.0012021560334701917 0.0009300912708003375 0.0012028430773784475 0.9999987304362505 -0.0009068823128995439 -0.0009289087319582478 0.0009081177617345684 0.9999993124721728 0.034974573632410966 0.006173860024276223 -0.04343430043426366
FixedParameters: 0 0 0
#Transform 40
Transform: MatrixOffsetTransformBase_double_3_3
Parameters: 0.9999998038088801 -0.0006537165325449906 0.0008772109783803996 0.0006532830746752536 0.9999994686089807 -0.0003224268991042105 -0.0008767888175072676 0.00032357313775974275 0.9999991265420836 0.04363972511654879 0.001615451883836272 -0.004432218700422652
FixedParameters: 0 0 0
#Transform 41
Transform: MatrixOffsetTransformBase_double_3_3
Parameters: 0.999999427434587 -0.0007578976600912874 0.000999077491466142 0.0007581024549718772 0.9999994149295941 -0.00010224259538523127 -0.0009989221015567452 0.00010275708008524981 0.999998991492841 0.03230101331959645 0.05680717925561396 0.039841253181911895
FixedParameters: 0 0 0
#Transform 42
Transform: MatrixOffsetTransformBase_double_3_3
Parameters: 0.9999998029298719 -0.000653194886601403 0.0008776009908712752 0.0006538068561884575 0.9999997292938012 -0.0009184272810354072 -0.0008774005096789561 0.0009185741751763207 0.9999993863494723 0.017585769835221754 -0.00857151647007015 -0.006246933277473943
FixedParameters: 0 0 0
#Transform 43
Transform: MatrixOffsetTransformBase_double_3_3
Parameters: 0.9999998029299618 -0.0006530965199439386 0.0008776740473556859 0.0006539050495430584 0.9999995110057455 -0.0010304270515455259 -0.0008773271820986593 0.0010305739456543744 0.9999991680614913 0.004598990858383445 -0.009107429588397054 0.002742260292755816
FixedParameters: 0 0 0
#Transform 44
Transform: MatrixOffsetTransformBase_double_3_3
Parameters: 0.9999996397804031 -0.0006535774970475257 0.0009662868852584614 0.0006534227479781401 0.9999993815312871 -0.000437368960105117 -0.0009657150720020748 0.0004376315232228437 0.9999998754365086 0.015387244244095655 0.04641586993081148 0.07273735688126948
FixedParameters: 0 0 0
#Transform 45
Transform: MatrixOffsetTransformBase_double_3_3
Parameters: 0.9999998029297958 -0.000653335382039113 0.0008774965862209847 0.0006536665514456591 0.9999999976140348 -0.0007584274910509257 -0.0008775052252315901 0.0007585743852312539 0.9999996546696137 0.010790229634267234 0.031139820292324316 0.050124570515009736
FixedParameters: 0 0 0
#Transform 46
Transform: MatrixOffsetTransformBase_double_3_3
Parameters: 0.9999989693832598 -0.0005100820828419421 0.000877534029623884 0.0005109186917367136 0.999999644226175 -0.0010465525983647506 -0.0008774655516324971 0.0010464485263778408 0.9999991348302392 -0.009368313008323526 -0.011897455274421986 -0.03968868376119872
FixedParameters: 0 0 0
#Transform 47
Transform: MatrixOffsetTransformBase_double_3_3
Parameters: 0.9999994794625225 -0.00009641859049939218 0.0007150787312085108 0.00009658118146988083 0.9999993297185497 -0.0008129312124476424 -0.0007149218222369909 0.0008130692074225955 0.9999998278054594 -0.011424472166922328 -0.010142118717851645 0.024059689408268525
FixedParameters: 0 0 0
#Transform 48
Transform: MatrixOffsetTransformBase_double_3_3
Parameters: 0.9999992214627168 -0.00009666928199978216 0.0008770357615421166 0.00009733053939098429 0.9999998484621396 -0.0003769145839871808 -0.0008769626236094522 0.00037708472183054046 0.999999088742839 -0.024782081356875096 0.033732245728955945 0.0581645171880254
FixedParameters: 0 0 0
#Transform 49
Transform: MatrixOffsetTransformBase_double_3_3
Parameters: 0.999999716375082 -0.0002555887691694784 0.00046722525288928535 0.0002564106891217866 0.9999991600641143 -0.0008798803969449977 -0.00046677469291542907 0.0008801195009311237 1.000000007511065 -0.03248489969638513 -0.009744992123259522 0.00857761750894781
FixedParameters: 0 0 0
#Transform 50
Transform: MatrixOffsetTransformBase_double_3_3
Parameters: 0.9999992696435672 -0.0003351272162095537 0.0007863725386495913 0.0003358729232367218 0.9999996542285814 -0.0011107367304670202 -0.0007856273926224438 0.0011102641364498025 0.9999991489925628 -0.026836158549627953 -0.006140333463676484 -0.007259833691186657
FixedParameters: 0 0 0
#Transform 51
Transform: MatrixOffsetTransformBase_double_3_3
Parameters: 0.999999801862121 -0.0006327667585201988 0.0008931649751868478 0.0006332329043960834 0.999999531190193 -0.0002604344006570147 -0.0008928345492748267 0.00026156493835599896 0.9999991344302985 0.0034926074193606382 0.04950041148744333 0.05468139594670873
FixedParameters: 0 0 0
#Transform 52
Transform: MatrixOffsetTransformBase_double_3_3
Parameters: 0.999998071180349 -0.001182491162469971 0.0015908932993776424 0.0011805086880869356 0.9999987260864757 0.0009378800532084818 -0.0015921074326122257 -0.0009361193338682922 0.9999985891544488 0.009138614052773164 0.06147710620410862 0.0391972488756025
FixedParameters: 0 0 0
#Transform 53
Transform: MatrixOffsetTransformBase_double_3_3
Parameters: 0.9999977650864031 -0.0018481250073340615 0.0013488301545560451 0.0018478767911462555 0.9999985764260171 0.00009349274973877359 -0.0013491701868133213 -0.00009050683747956343 0.9999991717324677 0.026610254927732058 0.03881747963554005 -0.03142531083293676
FixedParameters: 0 0 0
#Transform 54
Transform: MatrixOffsetTransformBase_double_3_3
Parameters: 0.999998786185583 -0.0013793903315300197 0.0011455307617867197 0.00137861024500717 0.9999989824167145 0.00034157988294234413 -0.0011454698617459015 -0.00033942059049508826 0.9999995718881094 0.04215795551708368 0.05434196291652427 0.06873894632478539
FixedParameters: 0 0 0
#Transform 55
Transform: MatrixOffsetTransformBase_double_3_3
Parameters: 0.9999978816075221 -0.0016035767869037694 0.0012442561508051793 0.001602421890289146 0.999998215093411 0.00046499465383631304 -0.001244743735642478 -0.00046300478350031133 0.9999992359220702 0.031116846705145917 0.08517880921026233 0.058305248125883224
FixedParameters: 0 0 0
#Transform 56
Transform: MatrixOffsetTransformBase_double_3_3
Parameters: 0.9999984329472992 -0.0013967093467759878 0.001271319126035555 0.0013972901939971365 0.9999989961775136 -0.00022722404151212183 -0.001270680696792483 0.0002297752184834439 0.9999993323456416 0.03391827489105026 0.047781568787002016 -0.02203145438419085
FixedParameters: 0 0 0
#Transform 57
Transform: MatrixOffsetTransformBase_double_3_3
Parameters: 0.9999983617749424 -0.001024710987500402 0.0012602338548864198 0.0010252868071028343 0.9999988971635728 -0.00022770811378162236 -0.0012597654302098386 0.0002292911136886588 0.999999360187253 0.0394116244588929 0.048169286658179544 0.06336863791426595
FixedParameters: 0 0 0
#Transform 58
Transform: MatrixOffsetTransformBase_double_3_3
Parameters: 0.9999985380294872 -0.0010251301942587252 0.0011878877118755686 0.0010248700221218644 0.9999999373842233 0.00011021764897881012 -0.0011881121869936513 -0.00010878224722373244 0.9999995766650336 0.018193031178910246 0.07106830857520663 0.08689219580635665
FixedParameters: 0 0 0
#Transform 59
Transform: MatrixOffsetTransformBase_double_3_3
Parameters: 0.9999987476404312 -0.0009618085927677028 0.0011519951824228332 0.0009631910473217909 0.9999990034023487 -0.001033891369517333 -0.001151003768742615 0.0010351080081249053 0.9999986038564775 0.014698220392560302 -0.013525412825160288 -0.00784720301606967
FixedParameters: 0 0 0
#Transform 60
Transform: MatrixOffsetTransformBase_double_3_3
Parameters: 0.9999987500828739 -0.001025235515255539 0.0014828376419991336 0.0010247654039147267 0.9999999242517251 0.00015951987464565275 -0.0014831625672346914 -0.00015747972116662148 0.9999987755868923 0.04773754772604377 0.00748908373348911 0.017160452167978235
FixedParameters: 0 0 0
#Transform 61
Transform: MatrixOffsetTransformBase_double_3_3
Parameters: 0.9999973179315259 -0.0014803748552936165 0.0015777109943117629 0.0014796235246253904 0.9999980500852027 0.0008723363737922574 -0.001579290637614221 -0.0008706640075307437 0.999998748819894 0.06671109241881368 0.09103181420097428 0.0991876969386567
FixedParameters: 0 0 0
#Transform 62
Transform: MatrixOffsetTransformBase_double_3_3
Parameters: 0.9999991105384233 -0.0008652221322218273 0.0014634604603525156 0.0008657773021263638 0.9999989684174476 -0.000530733349738421 -0.0014625404335107176 0.0005322658044749097 0.999998577136515 0.04546785085823046 0.012573119093772789 -0.008904214752817552
FixedParameters: 0 0 0
#Transform 63
Transform: MatrixOffsetTransformBase_double_3_3
Parameters: 0.9999981821990399 -0.0008655352998633832 0.0014382792577186329 0.0008664642470067726 0.9999991457151512 -0.00032275407037858373 -0.0014377198222345054 0.0003232446879261702 0.9999988278264446 0.03569417936608943 0.007215197560398678 0.013700575689313155
FixedParameters: 0 0 0
#Transform 64
Transform: MatrixOffsetTransformBase_double_3_3
Parameters: 0.9999982393198743 -0.0008660963131128566 0.0014179400267463169 0.0008659020472615425 0.9999992453521044 0.00006922786701482698 -0.0014180586686555114 -0.00006777189112919229 0.9999989845833038 0.027999885686000425 0.06389580550136031 0.07806124890581145
FixedParameters: 0 0 0
#Transform 65
Transform: MatrixOffsetTransformBase_double_3_3
Parameters: 0.9999984048161658 -0.0013149186186450286 0.0013660780821740835 0.0013150811727102574 0.9999992672335118 -0.00005820361335570186 -0.0013659215971112896 0.00006079619639604271 0.999999130502457 0.02737276742739425 0.030484761367034707 0.01762774596646466
FixedParameters: 0 0 0
#Transform 66
Transform: MatrixOffsetTransformBase_double_3_3
Parameters: 0.9999986904783419 -0.0005935949937559923 0.0017194867486106595 0.00059440638158537 0.999999978855659 -0.0008169798320936479 -0.0017195155566401062 0.000818022602159538 0.9999983750070195 0.02091635070004827 0.01768073945650883 -0.007654406237982414
FixedParameters: 0 0 0
#Transform 67
Transform: MatrixOffsetTransformBase_double_3_3
Parameters: 0.9999985078807944 -0.00045025784931206335 0.0015132198819896867 0.00045074058995859086 0.9999995569500262 -0.0004893183017112071 -0.0015127783923129545 0.0004906815137130356 0.9999984707308216 0.06437358853482067 0.041310631898539896 0.0914936695494859
FixedParameters: 0 0 0
#Transform 68
Transform: MatrixOffsetTransformBase_double_3_3
Parameters: 0.9999980890875654 -0.0012079256795929248 0.0015656030599158917 0.0012100760663042926 0.9999987800367939 -0.0013251084723580702 -0.0015643967855168454 0.0013268926489482921 0.9999977924924673 0.06267697065145228 0.034539946164088065 0.08867401756938165
FixedParameters: 0 0 0
#Transform 69
Transform: MatrixOffsetTransformBase_double_3_3
Parameters: 0.9999980139928045 -0.000968193537277688 0.0020123210204782706 0.0009728061456701396 0.999996346013301 -0.0023890478682043466 -0.0020096820186816106 0.0023909512307789325 0.9999952437509683 0.05707446292743157 0.026098504690438062 -0.030333298664302788
FixedParameters: 0 0 0
#Transform 70
Transform: MatrixOffsetTransformBase_double_3_3
Parameters: 0.9999977207994537 -0.0005540614730770035 0.001993098811760031 0.0005579378413569254 0.9999977843034417 -0.0019758921109563647 -0.0019919009399825497 0.001977107774730542 0.9999961233757503 0.04104224700488146 0.04516231127526282 0.057984836669611184
FixedParameters: 0 0 0
#Transform 71
Transform: MatrixOffsetTransformBase_double_3_3
Parameters: 0.9999980797689881 -0.0010211910240345147 0.0016960907694036425 0.001023809223880771 0.9999988160029452 -0.0010662655113876898 -0.001694908752473052 0.0010677328133015286 0.9999979867869936 0.04730800448204775 0.09028740693567272 0.08092498525153502
FixedParameters: 0 0 0
#Transform 72
Transform: MatrixOffsetTransformBase_double_3_3
Parameters: 0.999997548476959 -0.0007009995090613222 0.002227263148080086 0.0007049993413454995 0.9999982783711931 -0.0017954347594382367 -0.002225737264590189 0.001797565224122239 0.9999958152674023 0.054751214967751594 0.027433857231571324 -0.01921698946186723
FixedParameters: 0 0 0
#Transform 73
Transform: MatrixOffsetTransformBase_double_3_3
Parameters: 0.9999967698643645 -0.0012927245214825046 0.0023573494101592307 0.0012972762781039695 0.9999970305542281 -0.0018129467736386377 -0.0023556498440473446 0.0018160501250169712 0.9999951544782084 0.085729524404357 0.024113428281523852 0.03141603839749507
FixedParameters: 0 0 0
#Transform 74
Transform: MatrixOffsetTransformBase_double_3_3
Parameters: 0.9999974456599712 -0.0012947154585698283 0.0016967443403204838 0.0012972831396229885 0.9999985059715804 -0.0013458017827315946 -0.0016942529132392052 0.0013481965228485271 0.9999973108670208 0.08904945195951086 0.08245116682965659 0.10796771421044582
FixedParameters: 0 0 0
#Transform 75
Transform: MatrixOffsetTransformBase_double_3_3
Parameters: 0.999996119313055 -0.0016421005113311645 0.0020451350260534936 0.0016458983913590966 0.999996658690775 -0.0019056403194868121 -0.0020428631492331773 0.0019093610065548266 0.9999961834880216 0.0681117885895759 0.05004873873490112 0.07530672364919155
FixedParameters: 0 0 0
#Transform 76
Transform: MatrixOffsetTransformBase_double_3_3
Parameters: 0.9999964737720227 -0.0012942535562392654 0.0022026153693100723 0.0012977463059511546 0.9999987641228337 -0.0012461458552075863 -0.0022003818444943125 0.0012488521529843487 0.9999965971330125 0.08186611449207248 0.04497642072931285 0.028982962114241673
FixedParameters: 0 0 0
#Transform 77
Transform: MatrixOffsetTransformBase_double_3_3
Parameters: 0.9999969130239228 -0.0007764992298450947 0.002117916864212684 0.0007794974714042581 0.9999990011349194 -0.0011793521622498638 -0.002116080006095405 0.0011816462151474324 0.999997124725821 0.09578772019796133 0.0896316967961468 0.1413435466225934
FixedParameters: 0 0 0
#Transform 78
Transform: MatrixOffsetTransformBase_double_3_3
Parameters: 0.9999972417064692 -0.0011188921635620478 0.0021225835726698156 0.0011201080565246245 0.9999994742334004 -0.0005206238969759172 -0.0021224148126750093 0.0005233761808912056 0.9999972225044695 0.06537811493561207 0.11309168740230291 0.13693361062055232
FixedParameters: 0 0 0
#Transform 79
Transform: MatrixOffsetTransformBase_double_3_3
Parameters: 0.9999971266686928 -0.0014280027145131134 0.0019581893824934587 0.0014309970168578767 0.9999976110295868 -0.001530201898149077 -0.001955810816013956 0.0015327969725812023 0.9999968246467588 0.0681146181260317 0.05624980935088786 0.050155176649006705
FixedParameters: 0 0 0
#Transform 80
Transform: MatrixOffsetTransformBase_double_3_3
Parameters: 0.9999975552658066 -0.0012519262765321188 0.0016965316070012312 0.00125407347465995 0.9999989342578888 -0.0012218754847430767 -0.0016944667648783032 0.001224124412876964 0.9999976295458111 0.07599801043711807 0.024086528909421645 0.023120165661055125
FixedParameters: 0 0 0
#Transform 81
Transform: MatrixOffsetTransformBase_double_3_3
Parameters: 0.9999975540110265 -0.001252546344919088 0.0016960751835093425 0.0012544541305732153 0.9999986934288202 -0.000856874291652618 -0.0016949254287177877 0.0008581249164258855 0.9999983899688748 0.09314803318061138 0.07936891831462844 0.10118067288728128
FixedParameters: 0 0 0
#Transform 82
Transform: MatrixOffsetTransformBase_double_3_3
Parameters: 0.9999962545790558 -0.0015983301646614676 0.002047522278792059 0.0015986689043727426 0.9999983378652804 -0.00032572762936568483 -0.002046476858683124 0.0003282718981970745 0.9999977028558215 0.08456518324784668 0.07556991736919372 0.12867068365033418
FixedParameters: 0 0 0
#Transform 83
Transform: MatrixOffsetTransformBase_double_3_3
Parameters: 0.9999961193163798 -0.001643009550958587 0.0020446001398759686 0.0016449892282983218 0.9999983495547625 -0.0009716405927442579 -0.002043399264669885 0.0009753612763827686 0.9999978743516809 0.07445864438493288 0.042426827708368364 0.011042238778543378
FixedParameters: 0 0 0
#Transform 84
Transform: MatrixOffsetTransformBase_double_3_3
Parameters: 0.9999969521255146 -0.001698612949698179 0.0020401563197282578 0.0017003887135666074 0.9999986486123443 -0.0006785333428333421 -0.0020388432960861307 0.0006824656177564015 0.9999973773517226 0.09444281339922611 0.07134804184228472 0.11993886602078163
FixedParameters: 0 0 0
#Transform 85
Transform: MatrixOffsetTransformBase_double_3_3
Parameters: 0.99999537158842 -0.0015572895508868113 0.0024904428886849362 0.0015577091405890543 0.9999984929642048 -0.00028312172108582327 -0.0024905551106052994 0.0002868796424190563 0.9999967161734656 0.09501911220405646 0.09150394773986648 0.11654965412098761
FixedParameters: 0 0 0
#Transform 86
Transform: MatrixOffsetTransformBase_double_3_3
Parameters: 0.999995704347691 -0.001869910878186132 0.0024081800200800715 0.001874088186424767 0.9999966089985263 -0.0016964938357934844 -0.0024048189476926682 0.0017015037968803584 0.9999953221337605 0.08147915588766352 0.03369910593173131 -0.007429067898840458
FixedParameters: 0 0 0
#Transform 87
Transform: MatrixOffsetTransformBase_double_3_3
Parameters: 0.9999952561619506 -0.001720792739336164 0.002404297201589565 0.0017242052935500314 0.9999972534269052 -0.0013318601169037053 -0.002402701560424724 0.0013361401926635119 0.9999964436133292 0.09356689411426089 0.05914727424215016 0.08962031920341218
FixedParameters: 0 0 0
#Transform 88
Transform: MatrixOffsetTransformBase_double_3_3
Parameters: 0.999996038828886 -0.0015812626916253845 0.002112302516595919 0.0015827382291587902 0.9999988199398915 -0.0008216603310296492 -0.002110698538016082 0.0008243411309987567 0.999997864227546 0.08169503586356086 0.09944114118214031 0.1230326700357054
FixedParameters: 0 0 0
#Transform 89
Transform: MatrixOffsetTransformBase_double_3_3
Parameters: 0.9999967425797778 -0.001368979372712627 0.0023203769100192217 0.001373019363652335 0.9999971153276799 -0.0017318192634856325 -0.0023176236437418138 0.0017351779766041414 0.9999956171970732 0.07154455396725723 0.028648170061259748 -0.0013794409311387312
FixedParameters: 0 0 0
#Transform 90
Transform: MatrixOffsetTransformBase_double_3_3
Parameters: 0.9999961341120979 -0.001240482639187879 0.0023083526134964434 0.0012425153050432483 0.999998269483845 -0.0010891348948723085 -0.002306644898298225 0.0010918644249924277 0.9999964862437264 0.08174519848890327 0.04354386030890112 0.08375585106303163
FixedParameters: 0 0 0
#Transform 91
Transform: MatrixOffsetTransformBase_double_3_3
Parameters: 0.9999967250855278 -0.0011906358020642935 0.0022041960266595013 0.0011903653281460595 0.9999995553166723 -0.00016437668930802894 -0.002203801969778627 0.0001666244216285272 0.9999971149884099 0.07458364726271327 0.11222555209296559 0.14620545890274173
FixedParameters: 0 0 0
#Transform 92
Transform: MatrixOffsetTransformBase_double_3_3
Parameters: 0.9999969898556265 -0.0016265020559806335 0.00208894853413736 0.0016294986506534563 0.9999979179951445 -0.0011946003258752472 -0.002087052722079039 0.0011983988699957517 0.9999972086307486 0.07918270794681348 0.060580343328155095 0.0340242317174031
FixedParameters: 0 0 0
#Transform 93
Transform: MatrixOffsetTransformBase_double_3_3
Parameters: 0.9999965275839802 -0.0014717404423539963 0.00207589176470924 0.0014722574209195993 0.9999984653713521 -0.0006049453426880592 -0.0020741062272095568 0.0006080541490758507 0.9999973265273089 0.08374732733481949 0.06711511452895991 0.08892179722707994
FixedParameters: 0 0 0
#Transform 94
Transform: MatrixOffsetTransformBase_double_3_3
Parameters: 0.9999958134901695 -0.0017080281386425695 0.002503664871162717 0.001708973363323613 0.9999979300874552 -0.00038672279050416754 -0.002503337363273232 0.00039027727430474164 0.9999965815379102 0.06916470696489796 0.10268109603180164 0.12521850098060128
FixedParameters: 0 0 0
#Transform 95
Transform: MatrixOffsetTransformBase_double_3_3
Parameters: 0.9999963786147306 -0.0017077153387680662 0.002169014746507542 0.0017092871863823027 0.9999987293701447 -0.000591295283241009 -0.00216798846045358 0.0005947050677427468 0.9999979459453403 0.08135244743458259 0.05142812002929986 0.028607471397819495
FixedParameters: 0 0 0
#Transform 96
Transform: MatrixOffsetTransformBase_double_3_3
Parameters: 0.9999947279095559 -0.002117622092745221 0.002405212174234423 0.0021193758246932457 0.9999971841910825 -0.0005699051111426433 -0.002404786485489773 0.000575095119029419 0.99999688820426 0.08427976721789321 0.06231623691807897 0.0772897004680857
FixedParameters: 0 0 0
#Transform 97
Transform: MatrixOffsetTransformBase_double_3_3
Parameters: 0.9999956795544273 -0.0016505964373873172 0.0025682590547064774 0.001651402789109049 0.9999982495445403 -0.00015475938359330062 -0.0025677406408853793 0.00015923893804742852 0.9999963807121851 0.08953467083469491 0.10989930929400771 0.1139480901795551
FixedParameters: 0 0 0
#Transform 98
Transform: MatrixOffsetTransformBase_double_3_3
Parameters: 0.9999960050915052 -0.0018440849935688806 0.0023654950495362453 0.0018459154922077078 0.9999979398651804 -0.000807637005857965 -0.002363506142842135 0.0008123620335069567 0.9999967530237661 0.0739576032603253 0.044512400538664565 0.03896015085239668
FixedParameters: 0 0 0
#Transform 99
Transform: MatrixOffsetTransformBase_double_3_3
Parameters: 0.9999956621150383 -0.001899224498711786 0.0023939999788249364 0.0019027752513225999 0.9999968960972506 -0.0015754518620151915 -0.0023910004053089387 0.0015805481738918783 0.9999957858350597 0.08773787400350841 0.04520882910510693 0.07666789560849452
FixedParameters: 0 0 0
#Transform 100
Transform: MatrixOffsetTransformBase_double_3_3
Parameters: 0.9999957835631953 -0.0016224989997231428 0.0023627186045872242 0.0016255017247084585 0.9999982411343649 -0.0010571634957620118 -0.002361278965073709 0.0010608352885212349 0.9999962994630208 0.07451743251652942 0.09830029945354113 0.13040092494549782
FixedParameters: 0 0 0
#Transform 101
Transform: MatrixOffsetTransformBase_double_3_3
Parameters: 0.9999957389021431 -0.0018569529532298555 0.0021935821231918607 0.0018600481176318585 0.9999976138627807 -0.00138792547684769 -0.002191415478610465 0.001392075019045983 0.9999962608290421 0.07075684779346147 0.05018911842442719 0.08603023993851622
FixedParameters: 0 0 0
#Transform 102
Transform: MatrixOffsetTransformBase_double_3_3
Parameters: 0.9999955645939086 -0.0019194844219728449 0.0023978206105851533 0.0019235181706308518 0.9999971542625622 -0.0014653948523267145 -0.002395180990500181 0.0014696046330570764 0.99999610320713 0.08719713591605682 0.04719260206144327 0.04500312673727791
FixedParameters: 0 0 0
#Transform 103
Transform: MatrixOffsetTransformBase_double_3_3
Parameters: 0.999995217240692 -0.00185758890487941 0.0023089389309855733 0.001860408016419167 0.9999974541757398 -0.0010417085008994477 -0.002307057332627647 0.0010462896589014641 0.9999965831894999 0.09938278234912445 0.09263050754489655 0.13339890647754515
FixedParameters: 0 0 0
#Transform 104
Transform: MatrixOffsetTransformBase_double_3_3
Parameters: 0.9999950163413799 -0.002036471088212785 0.0024161335124912517 0.002038530527046139 0.9999977513211585 -0.001045079761434211 -0.002413864936674821 0.0010499209140424747 0.9999960705012946 0.10368428185756784 0.08394819842951051 0.13142231846379104
FixedParameters: 0 0 0
#Transform 105
Transform: MatrixOffsetTransformBase_double_3_3
Parameters: 0.9999959237901224 -0.0018563390192790198 0.0023728715873317643 0.0018596646080692055 0.9999971623347891 -0.0015425943753882962 -0.0023701322048571374 0.0015464069024406035 0.9999959904791582 0.101710863027904 0.0495841776987902 0.03190263712571095
FixedParameters: 0 0 0
#Transform 106
Transform: MatrixOffsetTransformBase_double_3_3
Parameters: 0.9999956391934708 -0.0018575987982430565 0.002430837580522741 0.0018604029182954322 0.9999975669748191 -0.000986481629628395 -0.0024291623290888754 0.0009905163952648862 0.9999961179513087 0.11493877456567247 0.07507016076823447 0.13624869060425482
FixedParameters: 0 0 0
#Transform 107
Transform: MatrixOffsetTransformBase_double_3_3
Parameters: 0.9999957298613767 -0.0018602971248490808 0.002410773701361902 0.0018597065494269029 0.9999985253823752 0.00012448394898840025 -0.002410229402972805 -0.00012051686115249406 0.9999971744664093 0.11518201019900687 0.13255042777383608 0.1812388160321916
FixedParameters: 0 0 0
#Transform 108
Transform: MatrixOffsetTransformBase_double_3_3
Parameters: 0.9999950656757203 -0.001857202124815888 0.00234222040848794 0.0018597994688716256 0.9999981167436108 -0.0011936493940498684 -0.0023397767223763393 0.0011973509127041848 0.9999960904843475 0.11568937572162952 0.06663894835668316 0.045372486863072936
FixedParameters: 0 0 0
#Transform 109
Transform: MatrixOffsetTransformBase_double_3_3
Parameters: 0.9999952578232773 -0.001711381964232509 0.002610719720795831 0.0017136192457936426 0.99999806031998 -0.001001531222194513 -0.0026082827231846068 0.0010054687871820956 0.9999961834735093 0.11528814908069762 0.07792817839197141 0.11109401643111738
FixedParameters: 0 0 0
#Transform 110
Transform: MatrixOffsetTransformBase_double_3_3
Parameters: 0.9999942630277271 -0.0018593993970207295 0.002698413680167858 0.0018596000110635644 0.9999984927446302 -0.0002199833399710521 -0.002697586199991174 0.00022501722804589273 0.9999966712702412 0.1358505918395423 0.14072675301876814 0.16544718791838164
FixedParameters: 0 0 0
#Transform 111
Transform: MatrixOffsetTransformBase_double_3_3
Parameters: 0.9999949973663339 -0.0021733358306317637 0.0022976824366355343 0.0021736626576238883 0.9999972544252795 0.00014899512840984517 -0.002297319276644285 -0.00014400787053001708 0.9999977000162686 0.14583060223176858 0.08922115467714775 0.0755452019853422
FixedParameters: 0 0 0
#Transform 112
Transform: MatrixOffsetTransformBase_double_3_3
Parameters: 0.9999948546419822 -0.0018018065670072083 0.0028104850652738433 0.0018001958627628393 0.9999986743059331 0.0002890611303176327 -0.0028115170390711074 -0.00028393587435805484 0.9999960161718796 0.1461034768356626 0.09283494345089593 0.1113204942213315
FixedParameters: 0 0 0
#Transform 113
Transform: MatrixOffsetTransformBase_double_3_3
Parameters: 0.9999943083424573 -0.002077812741426036 0.002524330379291327 0.0020771866389240026 0.999997580298855 0.00032424509711390906 -0.002525668291227229 -0.0003197536956861142 0.9999965206756979 0.14493843136737894 0.14528074410692682 0.18027939000739934
FixedParameters: 0 0 0
#Transform 114
Transform: MatrixOffsetTransformBase_double_3_3
Parameters: 0.999994434661656 -0.002249060621349807 0.0025508301114286996 0.0022499428966131687 0.9999978035696617 -0.00036626292733033254 -0.002550169974231647 0.00037173766496455436 0.9999963587692303 0.13390922648035541 0.09451106004044618 0.11620053302122102
FixedParameters: 0 0 0
#Transform 115
Transform: MatrixOffsetTransformBase_double_3_3
Parameters: 0.999994256176763 -0.00202950860274438 0.0025733846364570504 0.0020304891079794708 0.999997842800965 -0.0001877756985128506 -0.0025736112042803005 0.0001932241292624332 0.9999963407951368 0.12998969598716315 0.09809961031761816 0.11247244817173652
FixedParameters: 0 0 0
#Transform 116
Transform: MatrixOffsetTransformBase_double_3_3
Parameters: 0.9999954314382056 -0.0017066533180145934 0.002580228058645996 0.0017063447611955682 0.9999980698966581 -0.0001315977628153494 -0.002579770714914237 0.00013640331999679653 0.9999963256296809 0.11736457839403158 0.1333583767059281 0.1983795302325717
FixedParameters: 0 0 0
#Transform 117
Transform: MatrixOffsetTransformBase_double_3_3
Parameters: 0.9999955779457196 -0.001870629078681809 0.0022181566408043655 0.0018723705340231702 0.999998115555217 -0.0006158496337192063 -0.0022178434607429756 0.0006201516255624854 0.9999976985401354 0.09002869448160311 0.0955601573727165 0.15982232073641
FixedParameters: 0 0 0
#Transform 118
Transform: MatrixOffsetTransformBase_double_3_3
Parameters: 0.9999955060439322 -0.0018688374433869347 0.00244941894545447 0.0018721668381685964 0.9999978306538742 -0.0012904211601284087 -0.0024475836849211356 0.001294581031603922 0.9999963342656241 0.09051103920933201 0.0654956568603211 0.07565001948932348
FixedParameters: 0 0 0
#Transform 119
Transform: MatrixOffsetTransformBase_double_3_3
Parameters: 0.9999962219468812 -0.001361090578214014 0.002434508516711089 0.0013619087792814699 0.9999990068121107 -0.0003716858566433404 -0.00243349147462724 0.000375313650942431 0.99999693612994 0.09661171679958613 0.12946550837580162 0.18672675062061472
FixedParameters: 0 0 0
#Transform 120
Transform: MatrixOffsetTransformBase_double_3_3
Parameters: 0.9999945513892938 -0.002104559508469225 0.0024535204637813127 0.0021044407065286966 0.9999975190838083 0.00023016442978096758 -0.002453480120801508 -0.00022583761994694453 0.999996928337104 0.09931810999904656 0.12052706114187117 0.1758536601782268
FixedParameters: 0 0 0
#Transform 121
Transform: MatrixOffsetTransformBase_double_3_3
Parameters: 0.9999932808950183 -0.0025847422013297585 0.002457267430376893 0.0025852532569567255 0.9999963069438097 -0.00010064793953446355 -0.0024567297507693594 0.00010735066064197393 0.9999969523193385 0.11210226139094459 0.07785923918862636 0.059626878869032396
FixedParameters: 0 0 0
#Transform 122
Transform: MatrixOffsetTransformBase_double_3_3
Parameters: 0.9999948674819115 -0.001967585140040759 0.002502112258268579 0.0019694143412133922 0.9999978052075829 -0.0005630749373153443 -0.0025008858808232815 0.0005679233661223495 0.9999964226932082 0.11300845692720429 0.10603852976662154 0.1764058516694007
FixedParameters: 0 0 0
#Transform 123
Transform: MatrixOffsetTransformBase_double_3_3
Parameters: 0.9999947125543982 -0.001970279279180766 0.0025310031547197726 0.0019687199280274603 0.9999978655296862 0.0005079852491749451 -0.0025319943231815896 -0.0005030136478744176 0.9999963359635167 0.10085260950121722 0.13127402577430303 0.20009817381917117
FixedParameters: 0 0 0
#Transform 124
Transform: MatrixOffsetTransformBase_double_3_3
Parameters: 0.9999952836618331 -0.0018674429275801604 0.002495164742219503 0.0018695566943567003 0.9999981193225332 -0.0006213380123142171 -0.00249483284825459 0.000626661847751399 0.9999963855857164 0.08981486690191787 0.08458941592452618 0.07458757808944938
FixedParameters: 0 0 0
#Transform 125
Transform: MatrixOffsetTransformBase_double_3_3
Parameters: 0.9999947417824298 -0.0019676416064512386 0.0025270568253803775 0.001969357598512374 0.9999978360917366 -0.0005350258392732134 -0.0025259406839910482 0.0005399726925666591 0.9999963278775619 0.09331163771767592 0.10351294159575275 0.18052649382499197
FixedParameters: 0 0 0
#Transform 126
Transform: MatrixOffsetTransformBase_double_3_3
Parameters: 0.9999946567402609 -0.0019700484265407266 0.002542186318794558 0.001968950859104238 0.9999979509035697 0.00041500744692750635 -0.0025428111604737535 -0.0004099925165022644 0.9999963655233836 0.11255430026210433 0.15095725997096565 0.20518388334891569
FixedParameters: 0 0 0
#Transform 127
Transform: MatrixOffsetTransformBase_double_3_3
Parameters: 0.9999944318886121 -0.0024006277148412576 0.0024093693797765216 0.002402373411028028 0.9999969078788771 -0.0005672150146858851 -0.002407631663590605 0.0005727830772816078 0.9999968742088734 0.1183683418951631 0.09635028567853965 0.11523864285685192
FixedParameters: 0 0 0
#Transform 128
Transform: MatrixOffsetTransformBase_double_3_3
Parameters: 0.999993161636324 -0.00229559495104348 0.002927102767315258 0.0022974073249179836 0.999997495186024 -0.0004772784829512573 -0.0029258958243988317 0.0004837199465052238 0.9999952046891827 0.13457825023807857 0.0964514414484654 0.15738819703215512
FixedParameters: 0 0 0
#Transform 129
Transform: MatrixOffsetTransformBase_double_3_3
Parameters: 0.9999946954908615 -0.0017869627664940635 0.002848024876261742 0.0017870396625475301 0.9999988064377199 -0.000010910535586210497 -0.0028479766272281946 0.000016089321187074758 0.999995888688691 0.12776529911991474 0.12697932972852755 0.21519742747688753
FixedParameters: 0 0 0
#Transform 130
Transform: MatrixOffsetTransformBase_double_3_3
Parameters: 0.9999936245191543 -0.0022432362874936778 0.0028883704945492973 0.0022457648201288367 0.9999975888801502 -0.0006075174266064067 -0.0028866277091115157 0.0006144794583552465 0.9999952889965725 0.1357605595376299 0.07836393099481143 0.13958959283072403
FixedParameters: 0 0 0
#Transform 131
Transform: MatrixOffsetTransformBase_double_3_3
Parameters: 0.999992682288615 -0.0023711464319270343 0.002948684968031264 0.002371853620643081 0.9999972921567641 -0.00028600812616078075 -0.0029483118631810747 0.0002929929083562208 0.999995222510595 0.14686171386352953 0.08522684778432676 0.14059039484889269
FixedParameters: 0 0 0
#Transform 132
Transform: MatrixOffsetTransformBase_double_3_3
Parameters: 0.9999889862915455 -0.0029253398459343186 0.003529060336678688 0.002923662567693488 0.9999960083413674 0.0006673248339558078 -0.003530935324830032 -0.000657677755322263 0.9999931001316835 0.18382877845363055 0.15275194015778482 0.23400913184048733
FixedParameters: 0 0 0
#Transform 133
Transform: MatrixOffsetTransformBase_double_3_3
Parameters: 0.999990738573766 -0.0028693814511474153 0.003166746920749398 0.002867616214945236 0.9999955811405772 0.00044108490464619905 -0.0031682511290695528 -0.0004319128797916096 0.9999947763679409 0.18049566906043424 0.11725111869056093 0.196252403645353
FixedParameters: 0 0 0
#Transform 134
Transform: MatrixOffsetTransformBase_double_3_3
Parameters: 0.9999878224492252 -0.0033322325229564465 0.0036157880070061153 0.0033327697263960706 0.999994890277009 0.00007005148932714 -0.0036152145785368467 -0.00005795402742709507 0.9999939239802184 0.1974916030873004 0.09902588243313915 0.12851855734808737
FixedParameters: 0 0 0
#Transform 135
Transform: MatrixOffsetTransformBase_double_3_3
Parameters: 0.9999898499920006 -0.002847917663254602 0.003610918539059874 0.0028440893286665637 0.999995726249973 0.0010882815497021197 -0.0036140858602010527 -0.0010787190662376717 0.9999927757839783 0.2047055256391559 0.17090197689996955 0.25574048007473493
FixedParameters: 0 0 0
#Transform 136
Transform: MatrixOffsetTransformBase_double_3_3
Parameters: 0.9999883380351353 -0.0033379141567706203 0.0033941894896697333 0.003332082334822652 0.9999928448680039 0.001747328889931481 -0.0033998053657677443 -0.0017356707690317063 0.9999924274842936 0.20939856914917243 0.19369240827661827 0.27739222715650413
FixedParameters: 0 0 0
#Transform 137
Transform: MatrixOffsetTransformBase_double_3_3
Parameters: 0.9999888335960646 -0.0032685052000739983 0.003532840769720975 0.003264497960230409 0.9999937068200905 0.0012795475063657543 -0.0035371638666310576 -0.0012684531950302197 0.9999928806029164 0.1991389482792698 0.15492550952168926 0.1362878675434942
FixedParameters: 0 0 0
#Transform 138
Transform: MatrixOffsetTransformBase_double_3_3
Parameters: 0.9999906838823018 -0.0027619926985181266 0.0032693208993144996 0.0027600098158974736 0.9999960059569676 0.0006130292578813563 -0.0032706838157410996 -0.0006049722233594624 0.9999949361596325 0.18864769942858572 0.14364807583471872 0.22711072638418273
FixedParameters: 0 0 0
#Transform 139
Transform: MatrixOffsetTransformBase_double_3_3
Parameters: 0.9999907038024047 -0.0025466152244660537 0.0034368436334888536 0.002540383399234886 0.999995863874596 0.0016377461857517842 -0.003441150744648625 -0.0016282519103995965 0.9999925065254714 0.16912480623007298 0.19992831591902416 0.29527417782129817
FixedParameters: 0 0 0
#Transform 140
Transform: MatrixOffsetTransformBase_double_3_3
Parameters: 0.9999908133621085 -0.0028075838402227926 0.003209613641276068 0.002806415062725582 0.99999587717293 0.0004980118727633385 -0.003211384162514419 -0.0004889880476452422 0.9999944491025444 0.16160518313617445 0.11609969224346628 0.1434345824351908
FixedParameters: 0 0 0
#Transform 141
Transform: MatrixOffsetTransformBase_double_3_3
Parameters: 0.999990172039633 -0.002783025811915577 0.003329141207892402 0.0027819714998345373 0.9999961624880934 0.00031326467807889783 -0.0033298580189475 -0.0003037359283464763 0.9999948192059899 0.17128473741855998 0.13492899209369114 0.2200609792035948
FixedParameters: 0 0 0
#Transform 142
Transform: MatrixOffsetTransformBase_double_3_3
Parameters: 0.999990662663708 -0.0027114262394080223 0.003314382708116019 0.002707575787863289 0.9999958776690914 0.0013389862876817477 -0.0033176144057339113 -0.0013300167937422777 0.999993223192405 0.15257124389474086 0.18330952389793254 0.24646580049661537
FixedParameters: 0 0 0
#Transform 143
Transform: MatrixOffsetTransformBase_double_3_3
Parameters: 0.9999906839011679 -0.0027075948420971743 0.003461536348545304 0.002707407369974475 0.9999966399930662 0.00017637354143494228 -0.003462465026153115 -0.00016662671505572954 0.9999939850833285 0.1272677267321285 0.10184352865189794 0.10322454044264617
FixedParameters: 0 0 0
#Transform 144
Transform: MatrixOffsetTransformBase_double_3_3
Parameters: 0.9999903629517328 -0.0027080707151828417 0.003362137429226685 0.002706928791884219 0.9999965679673554 0.0003231042624944311 -0.003362862115416196 -0.0003138962410864576 0.9999945920988386 0.15159869567256123 0.13449841535650364 0.22343885829766919
FixedParameters: 0 0 0
#Transform 145
Transform: MatrixOffsetTransformBase_double_3_3
Parameters: 0.9999899611805292 -0.0026486403044948103 0.003609066100424531 0.002645362459095758 0.9999964589883027 0.0007355549819501761 -0.0036109360332226568 -0.0007264435360612214 0.9999934334660112 0.164969833186575 0.1579852294775037 0.23095753918291706
FixedParameters: 0 0 0
#Transform 146
Transform: MatrixOffsetTransformBase_double_3_3
Parameters: 0.9999907796157935 -0.0029136874155036197 0.0032761662274761404 0.0029143111052661267 0.999995348164054 -0.00039545572441531735 -0.0032748321009841595 0.00040554542557328304 0.9999941106495253 0.16565022841967902 0.09744605583061627 0.13522496917215676
FixedParameters: 0 0 0
#Transform 147
Transform: MatrixOffsetTransformBase_double_3_3
Parameters: 0.9999900442149502 -0.0026029749139866026 0.003490014827123193 0.0026030202839432367 0.9999962243230431 -0.0000019154291691665916 -0.003489980988155537 0.00001108444140510776 0.9999938198073413 0.1679696523458034 0.1222821729218424 0.20711930683912527
FixedParameters: 0 0 0
#Transform 148
Transform: MatrixOffsetTransformBase_double_3_3
Parameters: 0.9999905137852042 -0.0025206969693388316 0.003483046902156458 0.002518300228941867 0.999996052240189 0.0007787779091902628 -0.003484949625089962 -0.0007702219584826507 0.9999932618392194 0.15579884474360028 0.15712077561407511 0.25631236533909885
FixedParameters: 0 0 0
#Transform 149
Transform: MatrixOffsetTransformBase_double_3_3
Parameters: 0.999990758838836 -0.0030669152896040824 0.003136109553252368 0.0030660898360475907 0.9999955118430405 0.00029561851829538235 -0.0031368942667813933 -0.0002863822570686269 0.9999950776327475 0.16497562479959527 0.15204471675403397 0.23784688612798277
FixedParameters: 0 0 0
#Transform 150
Transform: MatrixOffsetTransformBase_double_3_3
Parameters: 0.9999857261155188 -0.003164231232975254 0.0042730851379762695 0.003163765399141614 0.9999949058052405 0.0002955231564614173 -0.004273910783681412 -0.000281480270476477 0.999990653843759 0.21574783333002756 0.09965504288237526 0.1619945882358138
FixedParameters: 0 0 0
#Transform 151
Transform: MatrixOffsetTransformBase_double_3_3
Parameters: 0.9999883012896589 -0.002983384160370263 0.003846928777255437 0.0029816216420663843 0.9999959757509821 0.000364474410839644 -0.0038480702234522358 -0.00035352392695165265 0.9999920677763082 0.1949132344911675 0.14990519846273287 0.2765787782882754
FixedParameters: 0 0 0
#Transform 152
Transform: MatrixOffsetTransformBase_double_3_3
Parameters: 0.9999885995015448 -0.0030698932406506884 0.003602387784832922 0.003068106462072933 0.9999953050337129 0.0005310587317179636 -0.0036036133252292015 -0.0005199433911238157 0.9999937421632075 0.17758548492632542 0.13449835830471102 0.24563896329093637
FixedParameters: 0 0 0
#Transform 153
Transform: MatrixOffsetTransformBase_double_3_3
Parameters: 0.9999898328542114 -0.0026601465312423235 0.0037536079320991587 0.0026608581397980008 0.9999968697117062 -0.00022301463114658362 -0.003753394734932679 0.0002329871229338547 0.9999928591735745 0.15292743072244264 0.10034879872401348 0.11577375311870242
FixedParameters: 0 0 0
#Transform 154
Transform: MatrixOffsetTransformBase_double_3_3
Parameters: 0.999989831285682 -0.002661752844220347 0.0037524690622939773 0.0026612516368237455 0.9999968763742566 0.00020498850320550198 -0.00375353366813639 -0.00019501116631052786 0.9999928749110902 0.18056963740281162 0.1269002619508086 0.22170395822629985
FixedParameters: 0 0 0
#Transform 155
Transform: MatrixOffsetTransformBase_double_3_3
Parameters: 0.9999892143793734 -0.0027795585151148077 0.0037496290323532724 0.002774446069334832 0.9999958132022523 0.001219417189597253 -0.0037533744051224793 -0.0012095812243248618 0.9999924511417664 0.17899941108673545 0.18924821125207814 0.2806380726099036
FixedParameters: 0 0 0
#Transform 156
Transform: MatrixOffsetTransformBase_double_3_3
Parameters: 0.9999871428606184 -0.003281677702401493 0.0037532766527633887 0.0032813158107143033 0.9999942244764972 -0.00007868524698647936 -0.0037537187863812193 0.00009131960106566593 0.9999929039336384 0.18917275272538348 0.12541987104198427 0.11110709337166469
FixedParameters: 0 0 0
#Transform 157
Transform: MatrixOffsetTransformBase_double_3_3
Parameters: 0.9999879324199518 -0.002760675288893294 0.004055539029486048 0.0027603247939266976 0.9999963518711494 0.00017219666758876243 -0.004055458285493743 -0.0001608061206743408 0.9999915251036092 0.19295265418028862 0.12658989764665307 0.2051127126684804
FixedParameters: 0 0 0
#Transform 158
Transform: MatrixOffsetTransformBase_double_3_3
Parameters: 0.9999865997755729 -0.0032842665386478296 0.004076178977165864 0.0032817369573816314 0.9999949132483072 0.0005623851921522524 -0.004077826417293039 -0.0005486154083726955 0.9999920693626354 0.19071754532537 0.1710047276664568 0.2610729537254386
FixedParameters: 0 0 0
#Transform 159
Transform: MatrixOffsetTransformBase_double_3_3
Parameters: 0.9999866047508343 -0.0032800098292887947 0.004078604901283689 0.003281998144015793 0.9999949958289022 -0.00048262067246336284 -0.004077396056841692 0.000495380711128889 0.9999911306764891 0.19350208557692383 0.11575654346124509 0.13453316968513462
FixedParameters: 0 0 0
#Transform 160
Transform: MatrixOffsetTransformBase_double_3_3
Parameters: 0.999988888897461 -0.0028289770902691154 0.003886748911084104 0.002830025290128087 0.9999959244472263 -0.0002580034894267816 -0.003886257754681615 0.00026899733443593596 0.9999928255846868 0.18798159396510528 0.1274727567835754 0.2282154589495562
FixedParameters: 0 0 0
#Transform 161
Transform: MatrixOffsetTransformBase_double_3_3
Parameters: 0.999988143502926 -0.002697371884563056 0.003947012239117682 0.002693625904620207 0.9999955076749503 0.0011126437729312285 -0.003949982807900355 -0.0011023572920721857 0.9999911826996345 0.18094184392633395 0.17814288941374912 0.24055478593322022
FixedParameters: 0 0 0
#Transform 162
Transform: MatrixOffsetTransformBase_double_3_3
Parameters: 0.9999878998927992 -0.00300582480584538 0.0038813648783928693 0.0030041788364381502 0.9999959249716602 0.0002176631240922076 -0.003882638999482186 -0.00020633215040473344 0.9999928850340613 0.17457518051053 0.12165527223534411 0.15382317329874695
FixedParameters: 0 0 0
#Transform 163
Transform: MatrixOffsetTransformBase_double_3_3
Parameters: 0.999989063661342 -0.0028025171904345917 0.0037526152919589223 0.0028014851153883983 0.9999961298436583 0.0001425144603786382 -0.003753385841993411 -0.00013248252692963064 0.9999928960055137 0.18341503204706555 0.1320353044605298 0.19674222251668283
FixedParameters: 0 0 0
#Transform 164
Transform: MatrixOffsetTransformBase_double_3_3
Parameters: 0.999988885569993 -0.0030062273027658443 0.0037520195527168646 0.003004776906636027 0.9999958603084261 0.00033227792483508364 -0.003752982155466705 -0.00032072150583296085 0.9999928120560515 0.1693767961815098 0.18127466139247872 0.24888126578387215
FixedParameters: 0 0 0
#Transform 165
Transform: MatrixOffsetTransformBase_double_3_3
Parameters: 0.9999871907136305 -0.003423316042862969 0.003753625208856819 0.0034236860839212168 0.999994246261741 -0.00017615105172787485 -0.003753375618817531 0.00018885143772703807 0.9999928778385258 0.17091393500095364 0.13379533566423163 0.1848349940956382
FixedParameters: 0 0 0
#Transform 166
Transform: MatrixOffsetTransformBase_double_3_3
Parameters: 0.9999879104927122 -0.0027486565281239464 0.004066233501675441 0.0027493477480570847 0.9999964357228875 -0.0000798214662789129 -0.004065766171720646 0.0000901764772772783 0.9999914603203689 0.19525721775740124 0.12104693431656699 0.16241510313313512
FixedParameters: 0 0 0
#Transform 167
Transform: MatrixOffsetTransformBase_double_3_3
Parameters: 0.9999872455651398 -0.002879072561626713 0.004057523879223754 0.002876920696813184 0.9999954554407982 0.0005176792629955126 -0.00405946808624828 -0.0005053184165551437 0.9999912668580542 0.19428046917887798 0.17362549398185934 0.2621865818538467
FixedParameters: 0 0 0
#Transform 168
Transform: MatrixOffsetTransformBase_double_3_3
Parameters: 0.9999865307212004 -0.0033247317369095846 0.003926227884314774 0.0033252695991925164 0.9999949396076236 -0.00006194510758500262 -0.003925772359075155 0.00007505318348024753 0.9999925817293834 0.19939465549433066 0.13684362801966188 0.21447240848131344
FixedParameters: 0 0 0
#Transform 169
Transform: MatrixOffsetTransformBase_double_3_3
Parameters: 0.9999865594680436 -0.0028122532683063288 0.0043048318325732 0.002811745278531886 0.9999960891248122 0.00006510494209217363 -0.004305163648425868 -0.000052893471514297675 0.9999904633813101 0.20533994411273682 0.12555236324051577 0.18298443802580522
FixedParameters: 0 0 0
#Transform 170
Transform: MatrixOffsetTransformBase_double_3_3
Parameters: 0.9999885541103948 -0.002892141634356116 0.0037521156658956653 0.0028908522980509704 0.9999955461646265 0.00031085020847543255 -0.0037538794849451013 -0.0002991465057828362 0.9999928218960945 0.17461486979100016 0.17514282296103545 0.25910863777789217
FixedParameters: 0 0 0
#Transform 171
Transform: MatrixOffsetTransformBase_double_3_3
Parameters: 0.9999897260096857 -0.0024897127913873114 0.0037512000863307374 0.0024872866523202733 0.9999962846054603 0.0007273372105133521 -0.003753798473260543 -0.000718660923425954 0.9999923959425586 0.15846201713627295 0.16983305280481886 0.23467840888443448
FixedParameters: 0 0 0
#Transform 172
Transform: MatrixOffsetTransformBase_double_3_3
Parameters: 0.9999881739839401 -0.002957031233980414 0.0037521834838129386 0.002955963324943588 0.9999951831656184 0.0002810943974740126 -0.0037538125193436723 -0.00026990279756799324 0.9999928390177325 0.15622397978508218 0.1419788776884019 0.16826580084418197
FixedParameters: 0 0 0
#Transform 173
Transform: MatrixOffsetTransformBase_double_3_3
Parameters: 0.9999902051806898 -0.002389865595381882 0.0037524493975643557 0.0023891354552708632 0.9999972371297592 0.00023496744572707717 -0.00375355096173185 -0.00022603176736839676 0.999992861790094 0.15310416482529376 0.18255110964462062 0.271431313335718
FixedParameters: 0 0 0
#Transform 174
Transform: MatrixOffsetTransformBase_double_3_3
Parameters: 0.9999881790972956 -0.0029546929996606373 0.0037540249209554776 0.0029553017010874438 0.9999951471757341 -0.0003419094330348842 -0.0037529711819477497 0.00035309272950393366 0.9999927904069532 0.15764269540076725 0.12375544294097551 0.19912951966109915
FixedParameters: 0 0 0
#Transform 175
Transform: MatrixOffsetTransformBase_double_3_3
Parameters: 0.9999881766788005 -0.0029517840050036783 0.0037563152899555015 0.0029552140417178257 0.9999950167712304 -0.001116912395918548 -0.0037536846351747355 0.001128093310986751 0.9999926398734283 0.16719977971409605 0.09423003432661403 0.1902571715431307
FixedParameters: 0 0 0
#Transform 176
Transform: MatrixOffsetTransformBase_double_3_3
Parameters: 0.9999881761420351 -0.0029558867981745833 0.003753085352696462 0.0029551082678166657 0.9999952641071894 -0.000023909480280997648 -0.003753910968015548 0.00003509653105463732 0.9999929102941305 0.14961551716655208 0.16207516699526536 0.2679233296852104
FixedParameters: 0 0 0
#Transform 177
Transform: MatrixOffsetTransformBase_double_3_3
Parameters: 0.9999881745376974 -0.00295306944944115 0.0037553030187483702 0.0029559302601976922 0.999995661694443 -0.0007749084081841674 -0.003753691013449032 0.0007860938693223796 0.9999922944739065 0.14851980300959156 0.11945181556225748 0.2120489009735138
FixedParameters: 0 0 0
#Transform 178
Transform: MatrixOffsetTransformBase_double_3_3
Parameters: 0.9999901041051952 -0.0024077645038109684 0.003754433800445687 0.0024102355401919287 0.9999968420675072 -0.0005909566279545597 -0.003753564666663421 0.0006000434896781347 0.9999925527935817 0.1628230244347577 0.09509424501545993 0.19436099917083993
FixedParameters: 0 0 0
#Transform 179
Transform: MatrixOffsetTransformBase_double_3_3
Parameters: 0.9999892935042445 -0.002561019183577663 0.0038919855742175387 0.0025609802636051607 0.9999964412191944 0.000009967404957785991 -0.0038920111841994455 -3.247797705352097e-8 0.9999918522354367 0.15077090073019406 0.1633728542101096 0.27776773440579205
FixedParameters: 0 0 0
