#Insight Transform File V1.0
#Transform 0
Transform: MatrixOffsetTransformBase_double_3_3
Parameters: 0.9999997088294214 -0.0004852325682059215 -0.00023552149197149242 0.0004857681620648639 0.9999997920933993 -0.000986114436290339 0.00023547889898270995 0.0009858857653505635 0.9999989723436152 0.026924953532116547 -0.0290155493202775 0.20962242476615955
FixedParameters: 0 0 0
#Transform 1
Transform: MatrixOffsetTransformBase_double_3_3
Parameters: 0.999999660850091 0.0005509296281370487 -0.00019020322859429986 -0.0005500698485457116 0.9999995607891387 -0.00036889532465996845 0.0001897969597874039 0.0003691045145605382 0.9999998277390116 0.016115027303811758 -0.009831416312124475 0.007714351482000836
FixedParameters: 0 0 0
#Transform 2
Transform: MatrixOffsetTransformBase_double_3_3
Parameters: 0.9999996819471261 0.0005180620119023579 0.00022285538977288833 -0.0005179375779516205 0.9999996538351371 -0.0002791154034998864 -0.00022314443365845758 0.00027888437559134906 0.9999998724300503 0.011279631754433694 -0.04619214475184208 0.01739969494173721
FixedParameters: 0 0 0
#Transform 3
Transform: MatrixOffsetTransformBase_double_3_3
Parameters: 0.9999997254351566 0.0005179568080681421 0.00007928122885615832 -0.0005180426020192898 0.9999994368273206 0.0005429587688316756 -0.00007871868117648088 -0.0005430406127850724 0.9999996989101714 0.012804074943446153 0.00035327200284029914 0.0022887679419696383
FixedParameters: 0 0 0
#Transform 4
Transform: MatrixOffsetTransformBase_double_3_3
Parameters: 0.9999997254351186 0.0005180310605312432 0.000078794838009404 -0.0005179684925582338 0.9999995748601835 -0.00039604075115554473 -0.00007920509383242744 0.0003959589071908507 0.9999998369430704 -0.019018686499251203 -0.0515933747192463 -0.0211679371747735
FixedParameters: 0 0 0
#Transform 5
Transform: MatrixOffsetTransformBase_double_3_3
Parameters: 0.9999997254350844 0.0005180139821738051 0.00007890725380656254 -0.0005179857001824764 0.9999996996350922 -0.0001790408671049959 -0.00007909269774970432 0.00017895902313008974 0.9999999617180118 -0.031755136076299095 -0.0572242544978252 -0.06588668815248866
FixedParameters: 0 0 0
#Transform 6
Transform: MatrixOffsetTransformBase_double_3_3
Parameters: 0.9999994219452005 0.0005177154960740214 0.0005572637129264744 -0.0005172836364359867 0.9999994720941585 0.0005097116037825259 -0.0005567358633688943 -0.0005102880982993341 0.9999994296511939 -0.010483093665527576 -0.006663513614583394 0.058179246515955185
FixedParameters: 0 0 0
#Transform 7
Transform: MatrixOffsetTransformBase_double_3_3
Parameters: 0.9999996649431762 -0.0005560699039782218 0.00016075749957771682 0.000555929512051949 0.9999995007682622 0.0004360892869864027 -0.000161242331323106 -0.00043591025508042186 0.9999997839831135 0.05828669008498366 0.05842731122032774 0.057405621889515146
FixedParameters: 0 0 0
#Transform 8
Transform: MatrixOffsetTransformBase_double_3_3
Parameters: 0.9999998903980157 -0.0003210148579478505 0.00008094092438837689 0.00032098504995212667 0.9999998631030197 0.00018402597460000174 -0.00008105905237143047 -0.00018397397260746184 0.9999999595830058 0.024273834434026753 -0.003221577454354474 0.06383202900207152
FixedParameters: 0 0 0
#Transform 9
Transform: MatrixOffsetTransformBase_double_3_3
Parameters: 0.9999993982110708 -0.0005550679492237268 0.0005419302903367473 0.000554931907307738 0.9999996762248992 0.0001253007326218732 -0.0005420695952507211 -0.00012569911237585803 0.9999996904858904 0.03871532604463823 -0.015997906054636246 -0.02133192382687099
FixedParameters: 0 0 0
#Transform 10
Transform: MatrixOffsetTransformBase_double_3_3
Parameters: 0.9999996768631195 -0.00007112179769965706 0.0005639844554424963 0.00007087814978975637 0.9999999483030191 0.00021603996410993355 -0.000564015127431154 -0.00021595987613954955 0.9999996352481348 0.011878956595680279 -0.024086172502791214 0.03817105515835095
FixedParameters: 0 0 0
#Transform 11
Transform: MatrixOffsetTransformBase_double_3_3
Parameters: 0.9999995403510743 -0.00013254182658151606 0.000664892337637138 0.00013145787671578927 0.9999993183511017 0.0008150876790318429 -0.0006651074976104854 -0.0008149121190535903 0.9999998935500306 0.016520461460771685 0.03677595520653654 0.06340820683418258
FixedParameters: 0 0 0
#Transform 12
Transform: MatrixOffsetTransformBase_double_3_3
Parameters: 0.9999999208620062 -0.0002530042846678166 0.0001229911351160634 0.00025299567466850856 0.999999934766005 0.000035031116184794394 -0.00012300884511464013 -0.00003496887818979603 0.9999999836460013 0.004783627579058702 -0.020898911823167055 0.0015427949388140405
FixedParameters: 0 0 0
#Transform 13
Transform: MatrixOffsetTransformBase_double_3_3
Parameters: 0.9999995864759373 -0.00008061905192870077 0.0006380478657456494 0.00008038082411212033 0.9999996371108983 -0.0005969485003894227 -0.0006379517488196531 0.0005970512183103368 0.9999992365472067 0.006173184342870286 -0.03499797168470309 -0.039356619054395026
FixedParameters: 0 0 0
#Transform 14
Transform: MatrixOffsetTransformBase_double_3_3
Parameters: 0.999999586476112 -0.00008093680373742244 0.0006380077489153293 0.00008006312810727125 0.9999999837189437 -0.00009894891811244297 -0.0006379918099220768 0.0000990516360689599 0.9999995831551133 0.02110115243202415 0.002672757900626266 0.03434152863027862
FixedParameters: 0 0 0
#Transform 15
Transform: MatrixOffsetTransformBase_double_3_3
Parameters: 0.9999997980808965 -0.0002852433958347828 0.000346799689070195 0.0002857562074785206 0.9999994256861553 0.000702098754235676 -0.000347200530791721 -0.0007019006173733263 0.9999993867871823 0.01516317796425426 0.012861384517833585 0.05119129903314246
FixedParameters: 0 0 0
#Transform 16
Transform: MatrixOffsetTransformBase_double_3_3
Parameters: 0.9999999893430002 -0.00008099859109759471 -0.00006400178128695615 0.00008100140709756335 0.9999999929550002 0.00002199481575495576 0.00006399821728699587 -0.00002200518375484025 0.99999999542 0.049572621384967874 -0.03245804741041525 0.00777595847163326
FixedParameters: 0 0 0
#Transform 17
Transform: MatrixOffsetTransformBase_double_3_3
Parameters: 0.9999997818391602 -0.00008133022032923731 0.0004599415045478173 0.00008066966081387993 0.9999994779153834 0.0007180367331872195 -0.0004600578204624781 -0.0007179622132418937 0.9999992728765338 0.031112320444535158 -0.03307348915670616 -0.00527503591047207
FixedParameters: 0 0 0
#Transform 18
Transform: MatrixOffsetTransformBase_double_3_3
Parameters: 0.9999996739952529 0.0005368694092572684 0.00019436017612869065 -0.0005371297570551746 0.9999992613905733 0.000670895301220206 -0.00019363952268809504 -0.0006711036570584705 0.9999995121233785 0.011140697656458087 -0.005554503290156276 0.060871188518049735
FixedParameters: 0 0 0
#Transform 19
Transform: MatrixOffsetTransformBase_double_3_3
Parameters: 0.9999999005550282 0.00029704538979179065 -0.00010587255698661231 -0.00029695444181757313 0.9999997277500771 0.0004290313603756158 0.00010612738291437273 -0.00042896839639346526 0.9999998047230555 -0.004461189750244898 0.0191267959214656 0.10758714489960397
FixedParameters: 0 0 0
#Transform 20
Transform: MatrixOffsetTransformBase_double_3_3
Parameters: 0.9999999865550008 -0.00004698059979501253 -0.00010600859602459256 0.00004701939579319168 0.9999999643020016 0.00018299500941131223 0.00010599139402539991 -0.00018300497341084456 0.9999999552750023 -0.004748087760077624 0.001590468657383326 -0.0074086464343565694
FixedParameters: 0 0 0
#Transform 21
Transform: MatrixOffsetTransformBase_double_3_3
Parameters: 0.9999999414349764 0.0001459712311887337 0.00019302188438162873 -0.00014602893818406432 0.9999999563339752 0.00014997180986502673 -0.00019297823038516102 -0.00014902816594138173 0.9999999404009764 0.01456593513107407 -0.001139572351746665 0.06794331373283313
FixedParameters: 0 0 0
#Transform 22
Transform: MatrixOffsetTransformBase_double_3_3
Parameters: 0.9999999530840022 -0.00016000364239326684 0.00014599599305920448 0.0001599963423936139 0.9999999737750013 0.000025023358810364495 -0.00014600399305882416 -0.000024976638812585613 0.9999999780590009 0.03131815832563234 0.030905211795484888 0.08772493772497825
FixedParameters: 0 0 0
#Transform 23
Transform: MatrixOffsetTransformBase_double_3_3
Parameters: 0.9999999865550002 -0.000047004663277021264 -0.00010599793036964582 0.00004699533527716475 0.999999995855 -0.00004400498132315937 0.00010600206636958221 0.00004399501732331263 0.9999999868280002 0.020762924031984653 -0.00864421224538603 0.03475397541658509
FixedParameters: 0 0 0
#Transform 24
Transform: MatrixOffsetTransformBase_double_3_3
Parameters: 0.9999998568230227 -0.0003409789535930572 0.00016404362182503566 0.00034102093758635815 0.9999998673350212 -0.00012794405558511855 -0.0001639563258389647 0.00012805590356727197 0.9999999567200069 0.026642381292219852 -0.024617091374736333 -0.013765835249117231
FixedParameters: 0 0 0
#Transform 25
Transform: MatrixOffsetTransformBase_double_3_3
Parameters: 0.9999999975230001 0.00001899884994106557 0.00004600047485730652 -0.000019001149941058433 0.999999999014 0.00002499912592245271 -0.00004599952485730948 -0.00002500087392244729 0.9999999972589998 0.0004043892807459315 -0.008067937232510758 0.041039166067712074
FixedParameters: 0 0 0
#Transform 26
Transform: MatrixOffsetTransformBase_double_3_3
Parameters: 0.9999999756510031 -0.00014998596240808361 -0.00004304889437673817 0.00015001399840442145 0.9999998712240169 0.0003259935074170981 0.00004295109438951329 -0.000326006407415413 0.9999998918750141 0.025869999887419226 0.0351604912263781 0.0799492005735587
FixedParameters: 0 0 0
#Transform 27
Transform: MatrixOffsetTransformBase_double_3_3
Parameters: 0.9999999034550123 -0.000307992703615741 0.00004105451075019549 0.00030800721761388504 0.9999998738070162 -0.00017698734936791966 -0.000040945478764137854 0.00017701260536469012 0.999999966990004 0.018889822421542135 -0.013773870524772747 -0.028058892458119544
FixedParameters: 0 0 0
#Transform 28
Transform: MatrixOffsetTransformBase_double_3_3
Parameters: 0.9999999467150027 -0.000047007681440854806 -0.00022599838969642163 0.00004699231344169146 0.9999999966350002 -0.00003401062014842783 0.00022600158569624767 0.00003398937614958436 0.9999999477680027 0.045958411828493695 -0.015888866203042085 0.028303579488131447
FixedParameters: 0 0 0
#Transform 29
Transform: MatrixOffsetTransformBase_double_3_3
Parameters: 0.9999999620700017 -0.00004701795279227202 -0.00018899552612571506 0.000046982042793958174 0.9999999887660004 -0.0000950088785388581 0.00018900445612529576 0.00009499111253969231 0.999999955254002 0.023129930229586648 0.01306381325478867 0.041899134751943734
FixedParameters: 0 0 0
#Transform 30
Transform: MatrixOffsetTransformBase_double_3_3
Parameters: 0.9999999952910025 -0.00004703647471276786 0.00004996566313800981 0.00004696347475201331 0.9999994648912877 0.0007300019575443776 -0.0000500342831011191 -0.0007299972575469043 0.9999994646002878 0.01601820871080406 0.02575924825707432 0.06671402012824501
FixedParameters: 0 0 0
#Transform 31
Transform: MatrixOffsetTransformBase_double_3_3
Parameters: 0.9999999905660002 -0.00004698911878683493 -0.00008500601380531475 0.00004701087878627313 0.9999999814070005 0.00012799600169539923 0.00008499398180562538 -0.00012800399169519294 0.9999999763910007 0.017459664733195268 -0.020710874166752546 -0.01929581315589246
FixedParameters: 0 0 0
#Transform 32
Transform: MatrixOffsetTransformBase_double_3_3
Parameters: 0.9999999542540116 0.0002109839160914996 -0.00003509662903246031 -0.00021101597608330796 0.999999745715065 -0.00045799249797833685 0.000034903353081844254 0.00045800726797456297 0.9999997890110539 0.00853777379990106 -0.03342939520874211 0.034225621955769725
FixedParameters: 0 0 0
#Transform 33
Transform: MatrixOffsetTransformBase_double_3_3
Parameters: 0.9999999952910027 -0.00004703767303682987 0.00004996453335908036 0.000046962273080051006 0.999999429275327 0.0007540019177872506 -0.00005003540931845249 -0.0007539972177899447 0.9999994289843274 0.02702172337210129 0.01879702110588255 0.07046275249496148
FixedParameters: 0 0 0
#Transform 34
Transform: MatrixOffsetTransformBase_double_3_3
Parameters: 0.9999997457872233 -0.000046603379067646326 -0.0005020366890546495 0.000047396538371004195 0.99999937369155 0.0007899757121540623 0.000501962429119873 -0.0007900229001126167 0.9999991238967696 0.03874753608046433 0.012828666330875649 0.057570914929094386
FixedParameters: 0 0 0
#Transform 35
Transform: MatrixOffsetTransformBase_double_3_3
Parameters: 0.9999999138750272 -0.0002850333703259364 -0.0000698637480202361 0.00028496645034699006 0.9999996902910975 -0.0004780197996106689 0.00007013620793451776 0.0004779798996232218 0.9999997666160737 0.024562090376491597 -0.003954799942192722 0.044360981768733154
FixedParameters: 0 0 0
#Transform 36
Transform: MatrixOffsetTransformBase_double_3_3
Parameters: 0.9999998862959721 -0.00030202980375741115 -0.00014994018104325183 0.00030197025376652866 0.9999998693939747 -0.00019804526967807194 0.00015006007502489532 0.00019895466953883737 0.9999999380979638 0.0310475798899148 0.041612487542153076 0.10304192169508752
FixedParameters: 0 0 0
#Transform 37
Transform: MatrixOffsetTransformBase_double_3_3
Parameters: 0.9999998820320282 -0.0003080526705673285 -0.00015189308779218138 0.00030794718259247444 0.9999997847270513 -0.0003470467332720408 0.00015210683974122786 0.0003469531012943605 0.999999856487034 0.024975588461344955 0.014523062365100259 0.048588130790243156
FixedParameters: 0 0 0
#Transform 38
Transform: MatrixOffsetTransformBase_double_3_3
Parameters: 0.9999995899690803 -0.00044661799296929897 0.00045837184499398224 0.00044738185312605814 0.9999991063026142 -0.0008327943546613457 -0.00045862714271215386 0.0008332042532088505 0.9999990958896257 0.03593861872548132 -0.028594779586768482 -0.02804287599975197
FixedParameters: 0 0 0
#Transform 39
Transform: MatrixOffsetTransformBase_double_3_3
Parameters: 0.9999997971661183 -0.00044696580418517306 0.000055275766745318755 0.00044703367414556934 0.9999994195023387 -0.0006169750549808649 -0.000054724169067188695 0.0006170242249521731 0.9999996162862238 0.0391589629985134 0.018230522605492183 0.07654718363895796
FixedParameters: 0 0 0
#Transform 40
Transform: MatrixOffsetTransformBase_double_3_3
Parameters: 0.9999997972208388 -0.0004470347629577618 0.00005471522770314204 0.0004469653300000152 0.999999394422084 0.0006370241973400173 -0.000054284705965135306 -0.0006369754743696677 0.999999591260964 0.030291902182284502 0.054446624106859076 0.0970522954462254
FixedParameters: 0 0 0
#Transform 41
Transform: MatrixOffsetTransformBase_double_3_3
Parameters: 0.9999997961584954 -0.0004468847268087535 0.00006381299810204653 0.00044711573992134776 0.9999984914248595 -0.0018189727255556554 -0.00006318680979684636 0.0018190294945833244 0.9999986872019548 0.06330714609501342 0.055679069773304946 0.04534430453444571
FixedParameters: 0 0 0
#Transform 42
Transform: MatrixOffsetTransformBase_double_3_3
Parameters: 0.9999976227831154 -0.002135116873813698 -0.0009046798091798753 0.0021318827222956676 0.9999916763540015 -0.0034319363185548696 0.0009123199440413022 0.003430059732834529 0.999993402819744 0.13062885092764986 0.04533353913656413 0.12949819624592607
FixedParameters: 0 0 0
#Transform 43
Transform: MatrixOffsetTransformBase_double_3_3
Parameters: 0.9999980454282336 -0.0016580511176598387 -0.0010979226814514698 0.0016579479056553776 0.9999982488252424 -0.000047820394066764815 0.0010980785334582055 0.000046179421995843136 0.999999792185309 0.08736575975405003 0.1329417142032412 0.2123715859974169
FixedParameters: 0 0 0
#Transform 44
Transform: MatrixOffsetTransformBase_double_3_3
Parameters: 0.9999986955375259 -0.0014507475407398427 -0.0010956897182472414 0.0014482513983497159 0.999997359703317 -0.0015945891632210983 0.001098309279656657 0.0015924089568803504 0.9999982573454573 0.08062433620696652 0.06908002331788055 0.17432593909139626
FixedParameters: 0 0 0
#Transform 45
Transform: MatrixOffsetTransformBase_double_3_3
Parameters: 0.9999985925850717 -0.0014499011099306592 -0.0005526393325170802 0.0014490983587811179 0.9999972469334973 -0.0016288013963982537 0.0005543603586937728 0.0016281967980387834 0.9999980416236554 0.06416259634504229 0.018683919737469523 0.06250121750711202
FixedParameters: 0 0 0
#Transform 46
Transform: MatrixOffsetTransformBase_double_3_3
Parameters: 0.9999999199080133 -0.0006807945778961825 -0.0007853131198371432 0.0006802070803681413 0.9999995158076501 -0.0010105351642660603 0.0007856884121744548 0.001010466097203983 0.9999993618775117 0.05102783329300564 0.05303341888223656 0.1896567353855616
FixedParameters: 0 0 0
#Transform 47
Transform: MatrixOffsetTransformBase_double_3_3
Parameters: 0.9999997179361453 -0.0009427435348654463 -0.00062688424140286 0.0009422569857122342 0.9999987086518276 -0.0011845913930221838 0.000628117025791058 0.001184408553964609 0.9999992032019832 0.045647547495079266 0.07766690324471881 0.1611914417898035
FixedParameters: 0 0 0
#Transform 48
Transform: MatrixOffsetTransformBase_double_3_3
Parameters: 0.9999997721678813 -0.0006814788881266379 -0.0008738498490256601 0.0006795221993374923 0.9999986791248818 -0.001690595730836932 0.0008751506232150543 0.0016904055346630218 0.9999983774546058 0.02205941902455777 0.03415207143380883 0.09439919934508367
FixedParameters: 0 0 0
#Transform 49
Transform: MatrixOffsetTransformBase_double_3_3
Parameters: 1.0000000149120365 -0.0006812422002516958 -0.0007218310803435307 0.0006797589636769939 0.999998583672517 -0.0017184924694650613 0.0007231699627649766 0.0017185091454827658 0.9999985247464543 0.024509415739515816 0.02370192600508858 0.10643866104482669
FixedParameters: 0 0 0
#Transform 50
Transform: MatrixOffsetTransformBase_double_3_3
Parameters: 0.9999994370739519 -0.0003459511597104843 -0.000665505926389952 0.00034504773125703 0.9999988385883141 -0.0014292295713612888 0.000666493364792583 0.001428769365639699 0.99999851440251 0.03369321854796681 0.05050567015634044 0.13812547012298637
FixedParameters: 0 0 0
#Transform 51
Transform: MatrixOffsetTransformBase_double_3_3
Parameters: 0.9999994944430903 -0.0002490185219186439 -0.0006659929397990064 0.00024898189193719013 0.9999999372428662 -0.000027165820245587555 0.0006660066347920726 0.000027834151907202435 0.9999995556880592 0.008270702828781396 0.09022090380854308 0.1889816111182938
FixedParameters: 0 0 0
#Transform 52
Transform: MatrixOffsetTransformBase_double_3_3
Parameters: 0.9999998658543309 -0.0002965758157861366 -0.0010228339134186063 0.00029542391715387624 0.9999995954151824 -0.0005633025541885503 0.0010231672096015479 0.0005626969378561364 0.9999996365012048 -0.01695696941960989 0.04643784887547042 0.07272785198464504
FixedParameters: 0 0 0
#Transform 53
Transform: MatrixOffsetTransformBase_double_3_3
Parameters: 0.9999997114490178 -0.0003499964418324919 -0.0010796777213268492 0.0003490027609720842 0.9999990259211141 -0.0009233769472839855 0.0010803228982362147 0.0009226220273900366 0.9999989816701202 0.010414538306108057 0.03969109776471669 0.13193855666793297
FixedParameters: 0 0 0
#Transform 54
Transform: MatrixOffsetTransformBase_double_3_3
Parameters: 0.9999996779683054 -0.0003945548894587401 -0.0010797983253458027 0.00039444572841351613 0.9999995806872649 -0.0005134262997055532 0.0010802034775136517 0.0005135741787668176 0.9999995699162605 -0.014192221925696913 0.10301118349529759 0.1816816089438973
FixedParameters: 0 0 0
#Transform 55
Transform: MatrixOffsetTransformBase_double_3_3
Parameters: 0.9999986447445754 -0.0005735388370805087 -0.001423782696218555 0.000573461246119189 0.9999995278351353 -0.00037881680915296395 0.0014232168365006467 0.0003781840534684041 0.9999988303844827 -0.020809274244783182 0.048719920414669105 0.12201841720366247
FixedParameters: 0 0 0
#Transform 56
Transform: MatrixOffsetTransformBase_double_3_3
Parameters: 0.9999994731659375 -0.0005740586014423979 -0.0010944459769536851 0.0005729429308410031 0.9999997369740797 -0.0009666280850543168 0.0010945545540122128 0.000966372691916649 0.9999988679456111 -0.02211540482755936 0.02791902525950718 0.09660087293055852
FixedParameters: 0 0 0
#Transform 57
Transform: MatrixOffsetTransformBase_double_3_3
Parameters: 0.9999992391612138 -0.0002462190464188242 -0.0008366414586687624 0.00024478002869046905 0.999998816880587 -0.0014572046142836434 0.0008373568450365831 0.0014567936476468104 0.9999981765821527 -0.031360160347077226 0.07822460227809813 0.17977918511096647
FixedParameters: 0 0 0
#Transform 58
Transform: MatrixOffsetTransformBase_double_3_3
Parameters: 0.9999994946313642 -0.00036028417235580703 -0.0006128325183530533 0.0003597153087657671 0.9999996551042486 -0.00046422034545264473 0.0006131665981122938 0.0004637789857707173 0.999999408935426 -0.012645781306233062 0.0666021691466483 0.16851488948047688
FixedParameters: 0 0 0
#Transform 59
Transform: MatrixOffsetTransformBase_double_3_3
Parameters: 0.9999999750549617 -0.0005291642275814716 -0.0008632875283562353 0.0005278362303717144 0.9999989035827925 -0.0013484559209885661 0.0008637123654233386 0.0013475432008444022 0.9999984372627188 -0.0054346236543239 0.03224442500535929 0.09677019916312446
FixedParameters: 0 0 0
#Transform 60
Transform: MatrixOffsetTransformBase_double_3_3
Parameters: 0.9999989741918228 -0.0005286998150466557 -0.0008635717304232776 0.0005282992703201151 0.9999990637777617 -0.0008104565026860461 0.0008644284288383935 0.000810543254626819 0.9999995965933978 -0.015454787391007585 0.09780804566221946 0.16975003473812222
FixedParameters: 0 0 0
#Transform 61
Transform: MatrixOffsetTransformBase_double_3_3
Parameters: 0.9999984193965131 -0.0005293524386459732 -0.0015165289822596413 0.0005276476245811061 0.9999999259144542 -0.0008918021590405863 0.0015174712988482344 0.0008911986886636445 0.9999989039358156 -0.008752936587896443 0.1329803447646043 0.1866031126922607
FixedParameters: 0 0 0
#Transform 62
Transform: MatrixOffsetTransformBase_double_3_3
Parameters: 0.9999994143659172 -0.0007177270708999309 -0.0010348050118659238 0.0007152736743449527 0.9999987060674682 -0.001667742202025495 0.001036194542746617 0.0016672583287188128 0.999998147179114 0.003914997296234901 0.039475350164650536 0.052856456789406536
FixedParameters: 0 0 0
#Transform 63
Transform: MatrixOffsetTransformBase_double_3_3
Parameters: 0.9999991614045235 -0.0005300033700991621 -0.0012481513234912577 0.0005279969299278575 0.999998145736943 -0.0016046597032469427 0.0012488488862031518 0.0016043387883794863 0.9999978668240579 -0.0037285611440296407 0.04495226922787765 0.16407634834015994
FixedParameters: 0 0 0
#Transform 64
Transform: MatrixOffsetTransformBase_double_3_3
Parameters: 0.9999993612604932 -0.00009048123241689116 -0.0012768955029955492 0.00008851859138615716 0.9999996463894976 -0.0011601137881668054 0.0012771031429988007 0.001159885205163226 0.9999980236704722 -0.03230976931661189 0.08121388741469104 0.19034665930454508
FixedParameters: 0 0 0
#Transform 65
Transform: MatrixOffsetTransformBase_double_3_3
Parameters: 0.9999993661326395 -0.00005670471811022569 -0.0012769260436047906 0.00005529512328715481 0.9999992146365511 -0.0013350722335567003 0.0012770755636920962 0.001334929209473188 0.9999985870411845 -0.04341990657955819 0.030407635136356248 0.09409959976643734
FixedParameters: 0 0 0
#Transform 66
Transform: MatrixOffsetTransformBase_double_3_3
Parameters: 0.9999994284039074 -0.000056128637389501214 -0.0007539162983626724 0.00005487116141133444 0.999998755910454 -0.001497041007494661 0.0007540824652276442 0.0014969573135626714 0.9999981904749132 -0.02339090089350293 0.011732620888523115 0.07778728210996633
FixedParameters: 0 0 0
#Transform 67
Transform: MatrixOffsetTransformBase_double_3_3
Parameters: 0.9999991633239782 -0.00046974692203544154 -0.0012713565159371773 0.0004682541066222001 0.9999988935339036 -0.0013735968472393678 0.0012716448610169972 0.0013734041781860327 0.9999984967807936 -0.01758490020016268 0.06764400732264164 0.16001363679700376
FixedParameters: 0 0 0
#Transform 68
Transform: MatrixOffsetTransformBase_double_3_3
Parameters: 0.9999996376732351 -0.00045774648241549365 -0.0010732574615955701 0.00045625275642719067 0.9999981456472468 -0.0016264902532633326 0.0010747440835839287 0.0016265086162631887 0.9999982010182461 -0.025010366406533535 0.039848179012210494 0.15897407291344479
FixedParameters: 0 0 0
#Transform 69
Transform: MatrixOffsetTransformBase_double_3_3
Parameters: 0.9999991434333446 -0.0004150567402740933 -0.0008274705058327254 0.00041394413181484335 0.9999991987363177 -0.0012763429996716837 0.0008275287258044293 0.0012766570015190725 0.9999986857905669 -0.014283283133394775 0.017731276399231888 0.04965007507725261
FixedParameters: 0 0 0
#Transform 70
Transform: MatrixOffsetTransformBase_double_3_3
Parameters: 0.999999135838939 -0.00014015865632824155 -0.0009188233845937397 0.00013984093647257645 0.9999993902778236 -0.0012611290060899599 0.0009191764644333414 0.0012608716862068559 0.9999985653161982 -0.0029942561035340987 0.0613838805774094 0.1094467826428911
FixedParameters: 0 0 0
#Transform 71
Transform: MatrixOffsetTransformBase_double_3_3
Parameters: 0.9999990996614445 -0.0005060719562211897 -0.0008023239672185955 0.0005049263400062074 0.9999989595735405 -0.001336405402246677 0.0008036746622930504 0.0013355935698029743 0.9999985702948072 -0.012143846307637318 0.06100720702525564 0.13241471904662205
FixedParameters: 0 0 0
#Transform 72
Transform: MatrixOffsetTransformBase_double_3_3
Parameters: 0.9999994252954979 -0.0005288595101908339 -0.0005431635747792038 0.0005281398759661894 0.9999982179637988 -0.0015822860711973267 0.000543835749054983 0.0015817115918162882 0.9999982018838162 -0.01202834007789022 0.03651529642930029 0.06180023443150162
FixedParameters: 0 0 0
#Transform 73
Transform: MatrixOffsetTransformBase_double_3_3
Parameters: 0.9999998062219376 -0.0005296627964050341 -0.0009550801116426508 0.0005283359113718973 0.9999986925550703 -0.0017405062951896845 0.0009569210330760255 0.001739494846402152 0.9999980584585765 0.011145179974931807 0.07989813115020183 0.14852221188936454
FixedParameters: 0 0 0
#Transform 74
Transform: MatrixOffsetTransformBase_double_3_3
Parameters: 0.9999998062217539 -0.0005291382737981876 -0.0009553710955732724 0.0005288620356907501 0.9999993028675581 -0.0011905059530244676 0.0009566306460631505 0.0011904945040200146 0.9999986687713114 -0.008677502208158216 0.07553757579130149 0.1254727700700471
FixedParameters: 0 0 0
#Transform 75
Transform: MatrixOffsetTransformBase_double_3_3
Parameters: 0.9999990792558507 -0.00008344030740595544 -0.0009557899198234653 0.0000815589602310495 0.9999964753719928 -0.002553079184307416 0.0009562111646387219 0.002552921444376595 0.9999965682399521 -0.005539462570979481 0.03518143401085183 0.03433965521002591
FixedParameters: 0 0 0
#Transform 76
Transform: MatrixOffsetTransformBase_double_3_3
Parameters: 0.9999994434780511 -0.0000035509268795610843 -0.0007459936944450323 0.0000014490587266143752 0.9999976777506027 -0.002079000411042135 0.0007460040894358976 0.002078996681045413 0.9999971212410915 -0.0065725004027541445 0.03939247698390602 0.0935953491863657
FixedParameters: 0 0 0
#Transform 77
Transform: MatrixOffsetTransformBase_double_3_3
Parameters: 0.9999990755030254 0.0000975189262625361 -0.0009561521828209647 -0.00009848312394873867 0.9999985894431836 -0.0015499067635839667 0.0009568484785943557 0.0015490942388484022 0.9999986841541526 -0.019610553333279768 0.0722685857746228 0.12242617205756545
FixedParameters: 0 0 0
#Transform 78
Transform: MatrixOffsetTransformBase_double_3_3
Parameters: 0.9999999246922634 -0.0002007719186397261 -0.0010176524147312018 0.0001992289798038805 0.9999979289174757 -0.0017412026917521491 0.0010173488157635016 0.0017407956907954502 0.9999979336094751 -0.023142631611875686 0.025371537120989274 0.0886561737054592
FixedParameters: 0 0 0
#Transform 79
Transform: MatrixOffsetTransformBase_double_3_3
Parameters: 0.9999997301934953 0.00003804474254919469 -0.000518071050887593 -0.000038955128849488874 0.9999985981771219 -0.001843980924243717 0.0005179290628407579 0.0018440208102568736 0.9999983313350337 -0.024899231216437556 0.0009856787361002262 0.0503674157120102
FixedParameters: 0 0 0
#Transform 80
Transform: MatrixOffsetTransformBase_double_3_3
Parameters: 0.9999994669595227 0.00012013372137258491 -0.0007201448572225248 -0.00012186604140679743 0.999999538149524 -0.0012029129037569686 0.0007198537312167751 0.0012030871437604094 0.9999990343905141 -0.021751314927513477 0.06805909346604722 0.15452772569557993
FixedParameters: 0 0 0
#Transform 81
Transform: MatrixOffsetTransformBase_double_3_3
Parameters: 0.9999994935087791 -0.00008201512436714273 -0.0007068825750746906 0.0000809846199530757 0.9999989312610987 -0.001436057157474402 0.0007071166429416023 0.001435941916539927 0.999998438054379 -0.021416032495721993 0.04255728124466884 0.11317782446441527
FixedParameters: 0 0 0
#Transform 82
Transform: MatrixOffsetTransformBase_double_3_3
Parameters: 0.9999995799187948 -0.00023320279326762523 -0.0006045371145692906 0.0002317961017968315 0.999997989819393 -0.001989140216672793 0.0006054619992213432 0.001988858891778629 0.9999976778505104 -0.02138701176031077 0.007198064260819592 0.05009301105188513
FixedParameters: 0 0 0
#Transform 83
Transform: MatrixOffsetTransformBase_double_3_3
Parameters: 1.000000085278487 0.000027446454204105636 -0.0009560465941075035 -0.00002855345869633679 0.9999983585887193 -0.001624973285546726 0.0009559555940670402 0.0016250268215705311 0.9999984454347578 -0.023587053121801205 0.06252322552832368 0.1508758772913268
FixedParameters: 0 0 0
#Transform 84
Transform: MatrixOffsetTransformBase_double_3_3
Parameters: 0.9999990593321982 -0.0001641804205092878 -0.0009557972936995464 0.0001628191001435191 0.9999994480420172 -0.0012351562085478368 0.0009562011385113975 0.0012348435966934813 0.9999985608384304 -0.01567009465085789 0.09386703689455089 0.17353756647154484
FixedParameters: 0 0 0
#Transform 85
Transform: MatrixOffsetTransformBase_double_3_3
Parameters: 0.999999363327722 0.0003203478530217679 -0.0007307263542518349 -0.0003216526413436264 0.9999977803043315 -0.0022617669579210907 0.0007302741471402868 0.0022622359400367767 0.9999973497142252 -0.018823247701490686 0.04452471564445659 0.08047310338474034
FixedParameters: 0 0 0
#Transform 86
Transform: MatrixOffsetTransformBase_double_3_3
Parameters: 0.9999994917934645 0.0001366855981757505 -0.0006992580122042265 -0.0001383157201062901 0.9999984466895089 -0.001879904156896236 0.0006997410101836456 0.0018800965198880397 0.9999979762955288 -0.013903452858457399 0.03346311992561368 0.1220822950326621
FixedParameters: 0 0 0
#Transform 87
Transform: MatrixOffsetTransformBase_double_3_3
Parameters: 0.9999990794081299 0.00007471596178717867 -0.0009561004942673086 -0.0000762860776479253 0.9999991893070503 -0.001343927324865769 0.0009568976236889229 0.0013430717574865565 0.99999828011571 -0.020062340055503114 0.09105801136357172 0.19252029792266967
FixedParameters: 0 0 0
#Transform 88
Transform: MatrixOffsetTransformBase_double_3_3
Parameters: 0.9999990844310619 0.00002499039865372555 -0.0009560545226976333 -0.000027011529978709643 0.9999975809135639 -0.002101975397983846 0.00095694521640016 0.002102025136967234 0.9999976666965351 -0.020719333554396258 0.05196005921597191 0.13914404660032886
FixedParameters: 0 0 0
#Transform 89
Transform: MatrixOffsetTransformBase_double_3_3
Parameters: 0.9999998138316584 0.00006828375590158271 -0.00042611513180108884 -0.00006871596846421362 0.9999981695473225 -0.001680969330975814 0.00042588483503413317 0.001681027692916756 0.9999979927635014 -0.025533252853406907 0.021205310409214917 0.07604844625160467
FixedParameters: 0 0 0
#Transform 90
Transform: MatrixOffsetTransformBase_double_3_3
Parameters: 0.9999995913157261 -0.00004096267390916826 -0.0006379385645230687 0.00004003718954383449 0.9999987212783227 -0.001509025123161041 0.0006380607934392482 0.0015089734451964802 0.9999983158746008 -0.0014197393590649199 0.08949750059596795 0.1726496180990722
FixedParameters: 0 0 0
#Transform 91
Transform: MatrixOffsetTransformBase_double_3_3
Parameters: 0.9999994085357311 -0.000040969168457191895 -0.0007679486106134592 0.00004003073562996617 0.9999994057147316 -0.0012620312556482108 0.000768050832594639 0.001261969047659664 0.99999881753084 -0.00006479997020392148 0.07091506286653271 0.13700436084065615
FixedParameters: 0 0 0
#Transform 92
Transform: MatrixOffsetTransformBase_double_3_3
Parameters: 0.9999998168834737 -0.00004072326529912967 -0.0004259316257511333 0.00004027656732875582 0.9999981151535865 -0.0016980173533831786 0.0004260691637420115 0.0016979828473854674 0.999998935317532 -0.0035289993859919377 0.03652242397687644 0.0923556625437314
FixedParameters: 0 0 0
#Transform 93
Transform: MatrixOffsetTransformBase_double_3_3
Parameters: 0.999999654963717 -0.00004122873138974738 -0.0005859145129880398 0.00003977104647200488 0.999997600948242 -0.0020970224690666337 0.0005860843698619298 0.002096975003101875 0.9999972591924958 -0.015942737460477474 0.07270209332395439 0.17425662178260382
FixedParameters: 0 0 0
#Transform 94
Transform: MatrixOffsetTransformBase_double_3_3
Parameters: 0.9999997126696055 -0.00004084790233978911 -0.0005349356372886676 0.0000401535368949736 0.9999984861345863 -0.0015850206676862259 0.0005340640239855719 0.0015849773727208427 0.9999982020848135 -0.021092795934720243 0.08613088515721756 0.17994431624477158
FixedParameters: 0 0 0
#Transform 95
Transform: MatrixOffsetTransformBase_double_3_3
Parameters: 0.9999996479828299 0.00025570662065042024 -0.0005356192057239226 -0.00025729174335070167 0.9999970971433122 -0.002415862583203299 0.0005343797979582725 0.0024161370381514053 0.9999968767103538 -0.016772737402533267 0.04989603025047984 0.0708804370760916
FixedParameters: 0 0 0
#Transform 96
Transform: MatrixOffsetTransformBase_double_3_3
Parameters: 0.9999997126694391 -0.000041001983386402083 -0.000534924119411506 0.000039999744181407586 0.9999984902261889 -0.001873022318101425 0.0005340758342380006 0.0018729790230925696 0.9999982061761308 0.002343688107032449 0.06885772982883509 0.1597702685571889
FixedParameters: 0 0 0
#Transform 97
Transform: MatrixOffsetTransformBase_double_3_3
Parameters: 0.9999997126695566 -0.000040755903429377625 -0.0005349427931294601 0.000040245405574308226 0.9999990017897583 -0.0014130215338424444 0.000534057247380867 0.001412978238854736 0.999998717739839 0.014494981329605139 0.11096935380841444 0.17102692736774827
FixedParameters: 0 0 0
#Transform 98
Transform: MatrixOffsetTransformBase_double_3_3
Parameters: 0.9999994260675951 -0.000041355716031373767 -0.0007569270112997798 0.000039645930657986186 0.9999987906744563 -0.001791031428130315 0.0007560720841130785 0.0017909701511169337 0.9999982200223315 0.008575090746603564 0.030405825676936615 0.06499802267765631
FixedParameters: 0 0 0
#Transform 99
Transform: MatrixOffsetTransformBase_double_3_3
Parameters: 0.999999322675997 -0.000041204156126658253 -0.0008219399422950425 0.000039796518283857 0.9999988535993828 -0.0014640324984400242 0.0008220585671975228 0.0014649659156726752 0.999998179555937 0.015450660996165766 0.038856359356685743 0.12704102715154875
FixedParameters: 0 0 0
#Transform 100
Transform: MatrixOffsetTransformBase_double_3_3
Parameters: 0.9999992860240101 -0.00004117900059181457 -0.0008439427142831521 0.00003982086449577156 0.9999990467501694 -0.0013970336741532953 0.0008440558712078365 0.0013969653101987974 0.9999983360546423 0.036495587525521955 0.06596012347836222 0.12548346171662672
FixedParameters: 0 0 0
#Transform 101
Transform: MatrixOffsetTransformBase_double_3_3
Parameters: 0.9999984776883536 -0.00045333346220504707 -0.001522306219267703 0.0004506669975271937 0.9999984471383802 -0.0015326870522273366 0.001522691600932085 0.0015323107105550818 0.9999973334353499 0.09269135259867767 0.07349723875672964 0.1490977029276337
FixedParameters: 0 0 0
#Transform 102
Transform: MatrixOffsetTransformBase_double_3_3
Parameters: 1.0000000120365764 -0.0004524925386866713 -0.0008852393312153821 0.0004505083993596576 0.9999989569183391 -0.0016854007636507612 0.0008857608888270688 0.0016846011557129748 0.9999983766596583 0.1082733621099834 0.053658366439705674 0.144617134798267
FixedParameters: 0 0 0
#Transform 103
Transform: MatrixOffsetTransformBase_double_3_3
Parameters: 0.9999995982165528 -0.0004520368310617229 -0.0010945725757406858 0.000450963846309124 0.999999899337764 -0.0009474946575792286 0.0010944277176390812 0.0009465063228860041 0.9999989052590665 0.12725626869790574 0.12364504009167376 0.21172937086301147
FixedParameters: 0 0 0
#Transform 104
Transform: MatrixOffsetTransformBase_double_3_3
Parameters: 0.9999986543874902 -0.00045271037081956044 -0.0017725647465610431 0.00045029121406778494 0.9999998658863677 -0.0009648001666373336 0.0017724356914675912 0.000964199596202445 0.9999979279789643 0.11728637343874482 0.10801688453827296 0.18457442400249136
FixedParameters: 0 0 0
#Transform 105
Transform: MatrixOffsetTransformBase_double_3_3
Parameters: 0.9999997991440303 -0.00045254872579843084 -0.0009983003454205894 0.0004504523739701788 0.9999983920954744 -0.0015504506105708026 0.0009987004485786672 0.0015505489636096611 0.9999985989445561 0.10951341234984113 0.07289554789751662 0.08596826724604512
FixedParameters: 0 0 0
#Transform 106
Transform: MatrixOffsetTransformBase_double_3_3
Parameters: 0.9999995420698033 -0.00034245525344854397 -0.0011575713186058845 0.00034154403657193585 0.9999993029845732 -0.0012573971466402522 0.0011584311074330183 0.001256605073878263 0.9999990789823576 0.1124543510228051 0.0979799806928554 0.18931999955976409
FixedParameters: 0 0 0
#Transform 107
Transform: MatrixOffsetTransformBase_double_3_3
Parameters: 0.9999798583734871 0.005221405469458408 -0.0037248387053836107 -0.005222601044453871 0.9999867046581874 -0.00015054982735113707 0.003724162428820529 0.00017044892091956532 0.9999931021945141 -0.05448385478405271 0.10115021316934758 0.16792218033399564
FixedParameters: 0 0 0
#Transform 108
Transform: MatrixOffsetTransformBase_double_3_3
Parameters: 0.9999569685990957 0.007763820150497802 -0.005172814941857458 -0.0077721908832552415 0.999968495411401 -0.0017578729900778363 0.005159191274859483 0.0017981338285791965 0.9999851504648462 -0.09603520350873396 0.04132764906320574 0.11345274401230654
FixedParameters: 0 0 0
#Transform 109
Transform: MatrixOffsetTransformBase_double_3_3
Parameters: 0.9999605063017033 0.007352133456044745 -0.004943218623350846 -0.007360872484481507 0.9999716532948114 -0.0017786843509625023 0.004930786142884213 0.0018143239479001304 0.9999863980359227 -0.0727230906378935 0.04046389950080709 0.1252699850397292
FixedParameters: 0 0 0
#Transform 110
Transform: MatrixOffsetTransformBase_double_3_3
Parameters: 0.9999676458385526 0.006667038008933427 -0.00457216783782528 -0.00667395846117027 0.9999761810743114 -0.0015085348465916654 0.0045618358154857425 0.0015394642285887228 0.9999888195353963 -0.0442146110865167 0.09508474707008929 0.17757022302325254
FixedParameters: 0 0 0
#Transform 111
Transform: MatrixOffsetTransformBase_double_3_3
Parameters: 0.9999706765214633 0.00611620833964897 -0.00457378043962677 -0.006124793476398624 0.9999798332141965 -0.0019110425212732515 0.004561216157993151 0.0019389541494593376 0.9999874319489748 -0.03766707726637719 0.034875316368371045 0.12392222939706699
FixedParameters: 0 0 0
#Transform 112
Transform: MatrixOffsetTransformBase_double_3_3
Parameters: 0.9999714977495132 0.006128375653131584 -0.004352168668643199 -0.006137625173056688 0.999979447445011 -0.001971343327520668 0.0043398264370805946 0.00199765215593026 0.9999881737141664 -0.028329435377031587 0.03449492867009951 0.11789421880602191
FixedParameters: 0 0 0
#Transform 113
Transform: MatrixOffsetTransformBase_double_3_3
Parameters: 0.9999709544764179 0.006092214969249703 -0.004575061785598334 -0.006101786738755327 0.9999792377654518 -0.002128146551425281 0.004561941819793199 0.0021558557275736575 0.9999875402344924 -0.028984165369493553 0.06737422115861591 0.19391423631169147
FixedParameters: 0 0 0
#Transform 114
Transform: MatrixOffsetTransformBase_double_3_3
Parameters: 0.99996943058061 0.006215483131340134 -0.004788688367795479 -0.00622652428786011 0.9999784584119411 -0.002185251225425073 0.004775315501898594 0.0022147498868444943 0.9999862920055669 -0.03399959958345278 0.039575911319474244 0.13583846780856845
FixedParameters: 0 0 0
#Transform 115
Transform: MatrixOffsetTransformBase_double_3_3
Parameters: 0.9999675875073456 0.0065936697409772725 -0.004575474794038022 -0.0066033278110111575 0.9999762892259801 -0.002026853194555537 0.004561526067212061 0.0020571447202073954 0.999987958614854 -0.030720716348085375 0.016417899348454057 0.077100253738422
FixedParameters: 0 0 0
#Transform 116
Transform: MatrixOffsetTransformBase_double_3_3
Parameters: 0.9999704240482624 0.006214510102067183 -0.0045776456575955075 -0.006226495064235418 0.9999779793995638 -0.002500574047455119 0.0045613560256976046 0.0025294241511535868 0.9999867939952485 -0.03630317618626577 0.04187819915722457 0.15705408753870387
FixedParameters: 0 0 0
#Transform 117
Transform: MatrixOffsetTransformBase_double_3_3
Parameters: 0.9999704278910752 0.006220951076244074 -0.00456888903597495 -0.006226053564282661 0.9999800430870325 -0.0010925863903906 0.004561116236392835 0.0011204078360535189 0.9999889360888424 -0.014121076187450399 0.09912738209730776 0.1894957528548602
FixedParameters: 0 0 0
#Transform 118
Transform: MatrixOffsetTransformBase_double_3_3
Parameters: 0.9999716444724528 0.006216287287287838 -0.00432599710106156 -0.006225718782797311 0.9999782382043045 -0.002236132287252366 0.004312008370889947 0.0022628701538714795 0.9999882856041737 -0.016736161095096236 0.04305315402363874 0.1249449676861829
FixedParameters: 0 0 0
#Transform 119
Transform: MatrixOffsetTransformBase_double_3_3
Parameters: 0.9999704224046683 0.006215651801589527 -0.0045760962423688715 -0.00622635427669161 0.9999781659429128 -0.0022515748606127617 0.004561908434256574 0.002279423306684557 0.9999869913194707 -0.024266474497920854 0.04938285542561971 0.14683563129445076
FixedParameters: 0 0 0
#Transform 120
Transform: MatrixOffsetTransformBase_double_3_3
Parameters: 0.9999704265953339 0.006219052686318163 -0.004571478627850319 -0.006225957900973147 0.9999799618199046 -0.001508584484386766 0.00456153081382237 0.0015364155092396873 0.9999888286917341 -0.034786688150092004 0.09913398069426194 0.18533816344870502
FixedParameters: 0 0 0
#Transform 121
Transform: MatrixOffsetTransformBase_double_3_3
Parameters: 0.999969171054783 0.006317161438962524 -0.004574226396713219 -0.006325835308007084 0.9999782956535701 -0.0019201222790210283 0.004561768125830714 0.0019488764105935962 0.999987390702374 -0.05203440241710666 0.052442985572042744 0.13631642090248874
FixedParameters: 0 0 0
#Transform 122
Transform: MatrixOffsetTransformBase_double_3_3
Parameters: 0.9999669915591253 0.0067132899755179085 -0.004576275347619856 -0.006722708569999745 0.9999753519791035 -0.0021093056777127532 0.004561723340695287 0.002140695836649755 0.9999876081679355 -0.05137717353251503 0.0366044628630533 0.09149525398491676
FixedParameters: 0 0 0
#Transform 123
Transform: MatrixOffsetTransformBase_double_3_3
Parameters: 0.9999662742177197 0.006844661823023148 -0.004457819459591323 -0.006853328528027648 0.9999745859628061 -0.0018565112765400508 0.004445176361502385 0.001887488958407469 0.999988679363561 -0.050885295727198354 0.08717827962658475 0.1758938113997317
FixedParameters: 0 0 0
#Transform 124
Transform: MatrixOffsetTransformBase_double_3_3
Parameters: 0.9999700908818075 0.005760511920600131 -0.005072496483710368 -0.005774483550318544 0.9999795527989397 -0.0028457938039612085 0.005055500064269414 0.002875208002263105 0.9999831728826076 -0.015110979857354323 0.10413234437004348 0.258441554979008
FixedParameters: 0 0 0
#Transform 125
Transform: MatrixOffsetTransformBase_double_3_3
Parameters: 0.9999688079064304 0.005266605699424039 -0.00587004787078196 -0.0052793987889576946 0.9999839759553627 -0.0022690818082277842 0.005857955105660715 0.002299924615390645 0.9999803938802531 0.017100708613227766 0.050836907292435285 0.07545609243450002
FixedParameters: 0 0 0
#Transform 126
Transform: MatrixOffsetTransformBase_double_3_3
Parameters: 0.9999701512704894 0.00635149240459134 -0.0043025419888233435 -0.00636149713029424 0.99997661372313 -0.002431699935346829 0.004286451867167176 0.0024592967564602817 0.9999875764210384 -0.026347423952898907 0.04666581827251548 0.18257902451956198
FixedParameters: 0 0 0
#Transform 127
Transform: MatrixOffsetTransformBase_double_3_3
Parameters: 0.999965505264324 0.006669495331713977 -0.004900958875015762 -0.006678499069334911 0.9999756874516337 -0.0019253348472672515 0.00488704328369269 0.001957661132725651 0.999986278839835 -0.03910470349148909 0.09993182686770297 0.2262023950110148
FixedParameters: 0 0 0
#Transform 128
Transform: MatrixOffsetTransformBase_double_3_3
Parameters: 0.9999627993489713 0.007035870029813532 -0.004969791321111999 -0.007047122782230298 0.9999723874227704 -0.00222505952520517 0.004953209599918574 0.0022599336991992957 0.9999853541297935 -0.04448755260177961 0.04993453502137868 0.17708898653408056
FixedParameters: 0 0 0
#Transform 129
Transform: MatrixOffsetTransformBase_double_3_3
Parameters: 0.9999633078899707 0.006922435704467614 -0.005076551600356618 -0.006935572725290337 0.9999728188012904 -0.002659889178051808 0.005058446025844522 0.0026951160259394294 0.9999831507727239 -0.07564415903877375 0.019205278275293836 0.11051712528689706
FixedParameters: 0 0 0
#Transform 130
Transform: MatrixOffsetTransformBase_double_3_3
Parameters: 0.9999563189232128 0.007678939972500175 -0.005264555177097226 -0.0076930494986919215 0.9999667682754677 -0.0026546132173559398 0.005243434154773395 0.002695379531238638 0.9999822390815202 -0.06310866858751751 0.06063756872083559 0.20661218530645442
FixedParameters: 0 0 0
#Transform 131
Transform: MatrixOffsetTransformBase_double_3_3
Parameters: 0.9999569229187159 0.007721323815718519 -0.00504483836305908 -0.007731673283145561 0.999968611481457 -0.0019010773058193914 0.005030160217616927 0.0019399235079291682 0.9999859346315192 -0.0850821802402777 0.07702348772329515 0.20902216582539523
FixedParameters: 0 0 0
#Transform 132
Transform: MatrixOffsetTransformBase_double_3_3
Parameters: 0.9999590195848873 0.007219859739073425 -0.005371697743414897 -0.0072331311660592205 0.9999707764243582 -0.002430242976859266 0.005353294391461561 0.0024687488220997296 0.9999822428191142 -0.07034841077373244 0.03736453348007274 0.09525624264330901
FixedParameters: 0 0 0
#Transform 133
Transform: MatrixOffsetTransformBase_double_3_3
Parameters: 0.9999621736351982 0.007067485568797659 -0.004987779613415376 -0.007079510553094162 0.9999716492928561 -0.0024957830094394914 0.004970227466901869 0.0025302223665607036 0.9999848937349797 -0.06342287332486762 0.07817159432127596 0.1978949116858999
FixedParameters: 0 0 0
#Transform 134
Transform: MatrixOffsetTransformBase_double_3_3
Parameters: 0.9999602114964 0.007071188373069025 -0.005365625137429966 -0.0070798000388663 0.9999732368200432 -0.0016240762554069078 0.005353374593408562 0.0016619200529381128 0.9999845756745094 -0.05194369894415729 0.1322199646250084 0.25291232546518216
FixedParameters: 0 0 0
#Transform 135
Transform: MatrixOffsetTransformBase_double_3_3
Parameters: 0.9999536778101514 0.007965304468476379 -0.005372872442202259 -0.007978701254449314 0.9999658404460349 -0.0023462403123945662 0.005354124097840669 0.0023887580514823964 0.9999826269812537 -0.061702124157449134 0.041185060164536935 0.1609277725564766
FixedParameters: 0 0 0
#Transform 136
Transform: MatrixOffsetTransformBase_double_3_3
Parameters: 0.9999541103691337 0.007939545455182592 -0.005370979152654221 -0.007951459976683707 0.9999663027437864 -0.0021153911262550727 0.005354027207404458 0.002157608708290935 0.9999836781412673 -0.06318284107511829 0.05187327958142873 0.20906962750782299
FixedParameters: 0 0 0
#Transform 137
Transform: MatrixOffsetTransformBase_double_3_3
Parameters: 0.9999578150638633 0.007684344457134739 -0.005012762261370141 -0.0076926612060906835 0.9999695462464434 -0.0015105029754857381 0.005001242625890713 0.0015484973125581218 0.9999865899755503 -0.05039159410640082 0.11363490430461809 0.25425859668886375
FixedParameters: 0 0 0
#Transform 138
Transform: MatrixOffsetTransformBase_double_3_3
Parameters: 0.9999622885847889 0.006984351595354817 -0.005189069486596887 -0.006996650951084084 0.9999721708541435 -0.00242378364212046 0.005172934159447129 0.0024592207022907176 0.9999831956327299 -0.05279072049793854 0.06319010775592915 0.17667736122934485
FixedParameters: 0 0 0
#Transform 139
Transform: MatrixOffsetTransformBase_double_3_3
Parameters: 0.9999594874733 0.007537171781467361 -0.004970463172981331 -0.007547831380185696 0.9999693460464383 -0.0021635730275861836 0.0049535394487273095 0.002201426429994835 0.9999856146102177 -0.07795167173770778 0.055982748147968664 0.19447524741124056
FixedParameters: 0 0 0
#Transform 140
Transform: MatrixOffsetTransformBase_double_3_3
Parameters: 0.9999601349682447 0.007572007361433275 -0.004746775687567492 -0.007579990963767024 0.9999697603930584 -0.0016680864796115333 0.004733228907607525 0.0017039084580829386 0.9999876892742992 -0.06746940175210625 0.10748067255744331 0.2444433275314708
FixedParameters: 0 0 0
#Transform 141
Transform: MatrixOffsetTransformBase_double_3_3
Parameters: 0.9999626201334828 0.0072680078739899255 -0.004749329301725059 -0.00727799842475214 0.9999716586430769 -0.00209051290674155 0.00473366572596219 0.0021254841389100583 0.9999860739916199 -0.056525325730646614 0.07593516310164716 0.22098780909252014
FixedParameters: 0 0 0
#Transform 142
Transform: MatrixOffsetTransformBase_double_3_3
Parameters: 0.9999628805373091 0.00718002910357399 -0.004750627433088115 -0.007190975511330089 0.9999720128471113 -0.002296924840823751 0.004733372279014599 0.0023310734867806053 0.9999861582895495 -0.05441073011274966 0.05886229033907853 0.17061297220586624
FixedParameters: 0 0 0
#Transform 143
Transform: MatrixOffsetTransformBase_double_3_3
Parameters: 0.9999654922726601 0.0067792636860988095 -0.004747924660005891 -0.006789730565535126 0.9999747548619666 -0.002036831662123773 0.004734067019019841 0.0020691634187598677 0.9999863076496182 -0.04875274557113585 0.10988912305637655 0.24318309038460484
FixedParameters: 0 0 0
#Transform 144
Transform: MatrixOffsetTransformBase_double_3_3
Parameters: 0.9999619139675715 0.007385725170810536 -0.00474690982975158 -0.007394284076202583 0.9999713364477093 -0.0017289673732528682 0.00473409603168472 0.001764033410538264 0.9999874768716492 -0.05147293527875263 0.08385572900779437 0.21658121696159327
FixedParameters: 0 0 0
#Transform 145
Transform: MatrixOffsetTransformBase_double_3_3
Parameters: 0.9999632344377237 0.007154650557527736 -0.004751142330315009 -0.0071663580964178375 0.999971994841131 -0.002377040218896589 0.004733857167618786 0.002410958929961202 0.9999857768990649 -0.07813806712523785 0.039124919633422905 0.13710950627277896
FixedParameters: 0 0 0
#Transform 146
Transform: MatrixOffsetTransformBase_double_3_3
Parameters: 0.9999602883474118 0.0074474851852960825 -0.004820832643371373 -0.007459515890023877 0.9999697175932797 -0.0023751321861482187 0.004803159444116282 0.0024108661574885563 0.9999851176185307 -0.09046805298928007 0.0689641408890651 0.20948657464493436
FixedParameters: 0 0 0
#Transform 147
Transform: MatrixOffsetTransformBase_double_3_3
Parameters: 0.9999589155640227 0.007590231849694813 -0.0049470167325680065 -0.007599767989742172 0.9999694041440749 -0.001958484293726277 0.004931977857493322 0.0019965168909151553 0.9999856902371557 -0.0731601657199974 0.08374474865159698 0.2387377172222358
FixedParameters: 0 0 0
#Transform 148
Transform: MatrixOffsetTransformBase_double_3_3
Parameters: 0.9999578376682542 0.007587552249937086 -0.005156364324154022 -0.007600448831787405 0.9999684805941308 -0.002398910432157682 0.005137631336371443 0.002438084813703015 0.9999836585379545 -0.07086662478029382 0.05312607110236911 0.15178565148656986
FixedParameters: 0 0 0
#Transform 149
Transform: MatrixOffsetTransformBase_double_3_3
Parameters: 0.9999598986281862 0.007455174152254242 -0.004951826424446719 -0.007464828956755978 0.9999703969776443 -0.0019691143233781776 0.004937172290202988 0.002005887816480375 0.9999856011678596 -0.06335940681964303 0.08461561440756782 0.25191916849141194
FixedParameters: 0 0 0
#Transform 150
Transform: MatrixOffsetTransformBase_double_3_3
Parameters: 0.9999603353398201 0.00729669870638754 -0.005041472193088025 -0.007306288294102834 0.999971279266083 -0.0018272360283136256 0.005028514514984962 0.0018647635600658463 0.9999852405031097 -0.07622955886274951 0.11857854409745983 0.26698899546299515
FixedParameters: 0 0 0
#Transform 151
Transform: MatrixOffsetTransformBase_double_3_3
Parameters: 0.9999588270717138 0.0077820712387010995 -0.0047552304192927785 -0.007794934096827849 0.9999659093565365 -0.002707045842947597 0.004733774342741026 0.0027439526246575384 0.9999850606821696 -0.07225073163341733 0.029272320184006162 0.132655191418678
FixedParameters: 0 0 0
#Transform 152
Transform: MatrixOffsetTransformBase_double_3_3
Parameters: 0.9999599195493605 0.007596815969608426 -0.004833635999190653 -0.0076081996377486034 0.9999688204861616 -0.0023013182312964864 0.004816367212876129 0.002337683991911632 0.9999853386650712 -0.03810568408481174 0.07507757342480659 0.22946256393777276
FixedParameters: 0 0 0
#Transform 153
Transform: MatrixOffsetTransformBase_double_3_3
Parameters: 0.9999664127028521 0.006717217827194555 -0.004739372402733298 -0.0067217868737324046 0.999977209124212 -0.0007831698844145965 0.004733634474290376 0.0008148248279252681 0.999988926759285 -0.03499398927516495 0.10732131674035372 0.23856951684918215
FixedParameters: 0 0 0
#Transform 154
Transform: MatrixOffsetTransformBase_double_3_3
Parameters: 0.9999839057355259 0.004567348449523422 -0.0033513456425403668 -0.004572645918405723 0.9999881869894309 -0.0013806976733238916 0.003344654656689026 0.001396298644977272 0.9999938628543048 0.025315235328747576 0.08650146189891927 0.16457887055156561
FixedParameters: 0 0 0
#Transform 155
Transform: MatrixOffsetTransformBase_double_3_3
Parameters: 0.9999694181390942 0.006320226049515451 -0.004651135906112149 -0.006323776158659139 0.9999793723306932 -0.0007976114506103096 0.004646868799141405 0.0008263943416676668 0.9999887270954367 -0.010382334925864711 0.132329130898583 0.253686804319436
FixedParameters: 0 0 0
#Transform 156
Transform: MatrixOffsetTransformBase_double_3_3
Parameters: 0.9999668230184124 0.006765318015596367 -0.004626859130033545 -0.006769685392709117 0.9999761739645129 -0.0009977105113107918 0.004620147935396953 0.0010282906830982976 0.9999885966799891 -0.039682622378094834 0.09928831114417846 0.2042042858517732
FixedParameters: 0 0 0
#Transform 157
Transform: MatrixOffsetTransformBase_double_3_3
Parameters: 0.9999709429603815 0.006215210519027884 -0.004407591558214506 -0.006221793989738472 0.9999799503134583 -0.0015286221675647148 0.004398407176037987 0.0015563831122113868 0.9999892339546905 -0.01637651756696812 0.09328231329124037 0.17179204537124804
FixedParameters: 0 0 0
#Transform 158
Transform: MatrixOffsetTransformBase_double_3_3
Parameters: 0.9999854505228359 0.004292715554346209 -0.0033345220531346086 -0.004297285523417194 0.9999898990199314 -0.001278688948059004 0.0033294752261605635 0.0012933110470865195 0.9999932438852515 0.05028982676914495 0.15556079326793792 0.27112789048648267
FixedParameters: 0 0 0
#Transform 159
Transform: MatrixOffsetTransformBase_double_3_3
Parameters: 0.9999858368699696 0.0037630277894896828 -0.0037420251669577635 -0.003769972508980185 0.9999913351109414 -0.0018579196532835206 0.0037349760074298077 0.0018720819993623939 0.9999915452510167 0.032800230313043244 0.09623835345297493 0.2155661211925448
FixedParameters: 0 0 0
#Transform 160
Transform: MatrixOffsetTransformBase_double_3_3
Parameters: 0.9999848944329981 0.0042411450761865276 -0.0034813686154204987 -0.00424785500323745 0.9999890972220299 -0.001964241336906849 0.0034726324113541988 0.0019787578430170167 0.9999920235220521 0.03698805683804096 0.08277591104975102 0.17992247854036947
FixedParameters: 0 0 0
#Transform 161
Transform: MatrixOffsetTransformBase_double_3_3
Parameters: 0.9999835300452695 0.0044769437931010845 -0.0036644097652378063 -0.004483052829844469 0.9999881936883099 -0.001645599018503378 0.0036565898018463576 0.001662397388047985 0.9999918648815548 0.030351738870422196 0.12138676782454638 0.24932929817023108
FixedParameters: 0 0 0
#Transform 162
Transform: MatrixOffsetTransformBase_double_3_3
Parameters: 0.9999852617570713 0.004197241011118448 -0.0033349973222215005 -0.0042017572811235675 0.9999903248661981 -0.0014210084132530265 0.003329003453887533 0.0014349940953656151 0.9999938584879846 0.03968763738978964 0.12932500629719357 0.24075353890486895
FixedParameters: 0 0 0
#Transform 163
Transform: MatrixOffsetTransformBase_double_3_3
Parameters: 0.9999882610391364 0.0037661981294956548 -0.002924899001486407 -0.0037697995979460303 0.99999211078248 -0.0012949883567977 0.0029200983735520013 0.0013060124430543014 0.9999947676343368 0.04802700913685953 0.0877204599506598 0.1483968728681404
FixedParameters: 0 0 0
#Transform 164
Transform: MatrixOffsetTransformBase_double_3_3
Parameters: 0.9999851641382398 0.004060075231714183 -0.0035140109864401224 -0.004066920757753317 0.9999895990220259 -0.0019647365101799876 0.0035069844085321962 0.0019792665606502414 0.99999178747844 0.05514998143593175 0.13978488484137586 0.266644078735645
FixedParameters: 0 0 0
#Transform 165
Transform: MatrixOffsetTransformBase_double_3_3
Parameters: 0.9999857647518402 0.0040261970558649 -0.003467583483154072 -0.004030802112145312 0.9999908500550455 -0.0013790422705103247 0.0034624163929614835 0.0013929599843355376 0.999993072672698 0.042061099714700845 0.1430320756531529 0.27747101684683173
FixedParameters: 0 0 0
#Transform 166
Transform: MatrixOffsetTransformBase_double_3_3
Parameters: 0.999985817466129 0.004303278026338721 -0.0032655590281002542 -0.004308727748357474 0.9999893781487548 -0.0017479556849837518 0.0032584448328540783 0.001762048273375959 0.9999932792106315 0.04582315113941604 0.09063368232145308 0.17274035346782313
FixedParameters: 0 0 0
#Transform 167
Transform: MatrixOffsetTransformBase_double_3_3
Parameters: 0.9999836543575921 0.004470550929313242 -0.0035159323730152717 -0.004475443282645319 0.9999885880388931 -0.0015422886857065928 0.003509061483166555 0.0015587117593937935 0.9999922581761416 0.04906195040703665 0.13927218018926624 0.2694573229873072
FixedParameters: 0 0 0
#Transform 168
Transform: MatrixOffsetTransformBase_double_3_3
Parameters: 0.9999844399840547 0.00452075751398716 -0.003334759299638133 -0.004525244186171345 0.99998892048224 -0.0012659288648151736 0.003329239123641872 0.0012810703860619793 0.9999932758714479 0.04155942466920237 0.14176742169632917 0.28364688443515007
FixedParameters: 0 0 0
#Transform 169
Transform: MatrixOffsetTransformBase_double_3_3
Parameters: 0.9999841768103943 0.004549999975962764 -0.0033344637313551537 -0.004554000175905098 0.9999888379101618 -0.0011928334066103271 0.003329534284658518 0.0012081681825557543 0.9999934564739408 0.026625396285510305 0.09929832944487771 0.16345349117852948
FixedParameters: 0 0 0
#Transform 170
Transform: MatrixOffsetTransformBase_double_3_3
Parameters: 0.9999844591557423 0.004565050113945473 -0.0032715199736610533 -0.0045689501399403 0.9999886818557366 -0.0012010712524070449 0.0032654814496690626 0.0012159259813873436 0.9999938563347297 0.03706694459179971 0.15800387277123207 0.2752945537276972
FixedParameters: 0 0 0
#Transform 171
Transform: MatrixOffsetTransformBase_double_3_3
Parameters: 0.9999881509905773 0.003891493990833388 -0.0027763241950699326 -0.0038955035238766146 0.9999912015490885 -0.0016192032097799248 0.002769674135315363 0.001629796691609986 0.9999946714073951 0.06392632448418567 0.18177377793467997 0.2794833574718254
FixedParameters: 0 0 0
#Transform 172
Transform: MatrixOffsetTransformBase_double_3_3
Parameters: 0.9999874881974705 0.0029228780799735944 -0.00399601595594716 -0.0029271227755250937 0.9999953792889187 -0.0010263154129825298 0.0039929787186991535 0.0010376833814250564 0.999990978848457 0.10450223975550443 0.15771303105806567 0.2148665773099694
FixedParameters: 0 0 0
#Transform 173
Transform: MatrixOffsetTransformBase_double_3_3
Parameters: 0.9999901775580288 0.0030239457801641396 -0.0034175949327175945 -0.003028054223321834 0.9999944342973004 -0.0011816638602109826 0.003413411170502011 0.0011923345904123629 0.9999939253089091 0.06922580097837283 0.14847858453238416 0.28841686247676535
FixedParameters: 0 0 0
#Transform 174
Transform: MatrixOffsetTransformBase_double_3_3
Parameters: 0.9999919874233324 0.002495464901250401 -0.0031278235848374407 -0.002499533949136931 0.9999964844325225 -0.001126191726905789 0.0031251767129597844 0.0011348086610185302 0.9999949469194318 0.12242546810414012 0.1348725130221169 0.345051181930387
FixedParameters: 0 0 0
#Transform 175
Transform: MatrixOffsetTransformBase_double_3_3
Parameters: 0.9999944545123689 0.00185298229701628 -0.0028482718264728818 -0.0018580162487685803 0.9999964506910637 -0.0017597182375514062 0.002844731166240391 0.0017652816384880056 0.999994790986486 0.1209718013725194 0.0929033354705382 0.2369627857229446
FixedParameters: 0 0 0
#Transform 176
Transform: MatrixOffsetTransformBase_double_3_3
Parameters: 0.9999942385694857 0.0017160869700132814 -0.0027956353601006523 -0.001721911220621822 0.999996567554929 -0.002113197833140362 0.0027923605248830357 0.0021188036358010913 0.99999371606561 0.13012896421314224 0.060990707061989724 0.2364420700254115
FixedParameters: 0 0 0
#Transform 177
Transform: MatrixOffsetTransformBase_double_3_3
Parameters: 0.9999936998573716 0.002196481148198432 -0.002911174663196084 -0.002202520847798416 0.9999955616585567 -0.0018946002022095791 0.0029068275267642397 0.0019003969527854286 0.9999939371613951 0.12113746795508007 0.10159491031002688 0.26510231058059475
FixedParameters: 0 0 0
#Transform 178
Transform: MatrixOffsetTransformBase_double_3_3
Parameters: 0.9999939227170079 0.0022219724278634023 -0.002853143258417619 -0.002226030799622033 0.999997057224911 -0.0014096586935450188 0.0028498582073751937 0.0014163422197349172 0.9999948723378873 0.12085903712009838 0.1163826862893842 0.26925523924834494
FixedParameters: 0 0 0
#Transform 179
Transform: MatrixOffsetTransformBase_double_3_3
Parameters: 0.9999931497847114 0.0022932298977041085 -0.002754811180330319 -0.002299768421112279 0.99999533283318 -0.002092678396529165 0.002750184213456773 0.002099320675912076 0.999994030483497 0.10378619427540059 0.09609328021178953 0.2018738346499518
FixedParameters: 0 0 0
#Transform 180
Transform: MatrixOffsetTransformBase_double_3_3
Parameters: 0.9999927157343232 0.0023410631967212946 -0.0031304495036689867 -0.002347935907513121 0.9999949027745751 -0.0018936639181750083 0.003126552088219954 0.0019013335240586483 0.9999936119184262 0.08709877908412977 0.12912493923029444 0.2688738189290163
FixedParameters: 0 0 0
#Transform 181
Transform: MatrixOffsetTransformBase_double_3_3
Parameters: 0.999992555517996 0.002292003256422122 -0.003192716473824842 -0.002292998261877698 0.9999976467653271 -0.0003086815493336764 0.0031912836571688094 0.00031631692882962966 0.9999947134399841 0.11409088320611716 0.1783125668007841 0.3049386433555412
FixedParameters: 0 0 0
#Transform 182
Transform: MatrixOffsetTransformBase_double_3_3
Parameters: 0.9999925537112385 0.0022896868068739066 -0.003194378961685998 -0.0022933123086043695 0.9999966725972043 -0.0010336824853795367 0.003191624081371086 0.0010413160670230666 0.9999947282942763 0.1072804172803643 0.14329992156189064 0.22822418423727697
FixedParameters: 0 0 0
#Transform 183
Transform: MatrixOffsetTransformBase_double_3_3
Parameters: 0.999991730188075 0.002462024375549854 -0.003195067841612446 -0.002465976227261806 0.9999963786439126 -0.0012411315275979921 0.0031919324530475853 0.001248869166991979 0.999994251479529 0.10515812830050209 0.1499523030516059 0.24762892593454922
FixedParameters: 0 0 0
#Transform 184
Transform: MatrixOffsetTransformBase_double_3_3
Parameters: 0.9999919329734868 0.002620964533781463 -0.0031936754986240843 -0.0026230413718724174 0.9999967173949998 -0.00063462831436754 0.003191327190390528 0.0006423698704341464 0.9999944002117827 0.09460507122814477 0.19240946671573056 0.2983949069395351
FixedParameters: 0 0 0
#Transform 185
Transform: MatrixOffsetTransformBase_double_3_3
Parameters: 0.9999926528126 0.0026196228994481547 -0.0027362366944698245 -0.002622374410802592 0.9999956063379803 -0.0012308337655505236 0.00273276541902267 0.0012381680704952964 0.999995998480031 0.07279339212966818 0.11142654629411197 0.22323896888946138
FixedParameters: 0 0 0
#Transform 186
Transform: MatrixOffsetTransformBase_double_3_3
Parameters: 0.9999926962518032 0.002687849416060758 -0.002660187087645088 -0.0026911512717231155 0.9999953623299157 -0.0011818488242765985 0.002657812946325929 0.0011881516428143394 0.9999955254608002 0.09052656603977027 0.1120475668996761 0.2074723286236022
FixedParameters: 0 0 0
#Transform 187
Transform: MatrixOffsetTransformBase_double_3_3
Parameters: 0.9999907163383659 0.0028428290559877603 -0.003193930831280516 -0.0028451683602440697 0.9999954499078375 -0.0006749184849234864 0.0031920658196706742 0.0006840803450943408 0.9999943429866625 0.09352112565744619 0.15695006513996645 0.26729988876400057
FixedParameters: 0 0 0
#Transform 188
Transform: MatrixOffsetTransformBase_double_3_3
Parameters: 0.9999919317417014 0.0028159093177349648 -0.0030230185397170936 -0.002817091572682451 0.9999959369709113 -0.0003564870486969797 0.003021985017888805 0.00036551287093048275 0.9999957341277487 0.11736803786824623 0.169001287354277 0.3036462014803121
FixedParameters: 0 0 0
#Transform 189
Transform: MatrixOffsetTransformBase_double_3_3
Parameters: 0.9999919417982472 0.00281312728963446 -0.0028538227826073997 -0.002816873358000174 0.9999952315655685 -0.0013539721861829345 0.002850177206251497 0.0013620290189694914 0.9999950218865479 0.1010279637499707 0.11771900992036421 0.18804199801646604
FixedParameters: 0 0 0
#Transform 190
Transform: MatrixOffsetTransformBase_double_3_3
Parameters: 0.9999913540810302 0.002814080333983983 -0.0031186338879998755 -0.0028169163195035313 0.9999951968280244 -0.0009312226298799192 0.003116363249185202 0.0009407773438921342 0.9999944050534376 0.10941325487787879 0.14823219703320945 0.267275571015972
FixedParameters: 0 0 0
#Transform 191
Transform: MatrixOffsetTransformBase_double_3_3
Parameters: 0.9999920404054619 0.0028167394920093495 -0.0030042502506625254 -0.00281726519255227 0.9999960568146099 -0.00008353699027346845 0.0030037572751534015 0.00009146161545768599 0.9999959682785182 0.0908026202960599 0.18718009909312627 0.3082150529898797
FixedParameters: 0 0 0
#Transform 192
Transform: MatrixOffsetTransformBase_double_3_3
Parameters: 0.9999934303420599 0.0025495705352740327 -0.0026582200404739686 -0.002555430971741167 0.9999943047132788 -0.002041221025010916 0.0026537828193631294 0.002047779970652919 0.999994765629394 0.08606132354874774 0.1046069446628195 0.21003053476236744
FixedParameters: 0 0 0
#Transform 193
Transform: MatrixOffsetTransformBase_double_3_3
Parameters: 0.9999927106985962 0.0025527551668199323 -0.002961532460661952 -0.0025582496069361574 0.9999953258390795 -0.0017694375665537332 0.0029574706103582342 0.0017765636515953615 0.9999940977703827 0.09653584379522329 0.12857878240411935 0.2519181469007137
FixedParameters: 0 0 0
#Transform 194
Transform: MatrixOffsetTransformBase_double_3_3
Parameters: 0.9999924232408781 0.0024129499050210765 -0.0031233590735869742 -0.0024160503143738567 0.9999962156338632 -0.0009734606618089682 0.003120641124030997 0.000980536863049445 0.9999942985438818 0.1134802620146047 0.171302621254668 0.27650232323838964
FixedParameters: 0 0 0
#Transform 195
Transform: MatrixOffsetTransformBase_double_3_3
Parameters: 0.9999860686299787 0.0037558692569556297 -0.003718163005100562 -0.0037591278828689916 0.9999921721300704 -0.0008350340392918464 0.0037148353352314117 0.0008489637283720683 0.9999924785638743 0.05275628756353967 0.11414639239305302 0.20052250783059833
FixedParameters: 0 0 0
#Transform 196
Transform: MatrixOffsetTransformBase_double_3_3
Parameters: 0.999976038681834 0.005333946139658003 -0.004302533320901788 -0.005336040729169782 0.9999853108968193 -0.0004640520477397506 0.004299454354559379 0.0004879441973576061 0.9999902746299228 0.015383489306699971 0.12144110371887962 0.19844835463585042
FixedParameters: 0 0 0
#Transform 197
Transform: MatrixOffsetTransformBase_double_3_3
Parameters: 0.9999718367936187 0.005576316322625588 -0.005006766126713219 -0.005576688130929741 0.9999848834292913 -0.00012308241668580565 0.005006238135281303 0.00015092071845852916 0.9999879158257718 0.0028226332960628042 0.1418986913957383 0.24419498412038365
FixedParameters: 0 0 0
#Transform 198
Transform: MatrixOffsetTransformBase_double_3_3
Parameters: 0.9999725120357892 0.0055800770724919796 -0.004832448669572949 -0.005576923300154851 0.9999844747710681 0.000649968128479466 0.004835550204904494 -0.0006230344526003441 0.999988226987469 0.0010539820375896625 0.17403743181972686 0.2793417177974291
FixedParameters: 0 0 0
#Transform 199
Transform: MatrixOffsetTransformBase_double_3_3
Parameters: 0.9999725101650525 0.005576152317030268 -0.00483697899569406 -0.005576849954364694 0.9999848714169782 -0.00016202943867176528 0.004836021614235124 0.0001889716655870129 0.9999885771467546 0.022811285641040513 0.13921394887994154 0.18547763164801268
FixedParameters: 0 0 0
#Transform 200
Transform: MatrixOffsetTransformBase_double_3_3
Parameters: 0.9999795717617819 0.0048247958487867195 -0.004141074543063708 -0.004824205493470938 0.9999886870966577 0.00020198161804011068 0.004141927173519781 -0.0001820198733625593 0.9999918109363286 0.04110534355071138 0.16655810332046883 0.2569640524722345
FixedParameters: 0 0 0
#Transform 201
Transform: MatrixOffsetTransformBase_double_3_3
Parameters: 0.999981103295215 0.004413962529466706 -0.004172809498971906 -0.004410034133602627 0.9999896325214063 0.0009584195929225165 0.0041771879614767105 -0.0009405790571640786 0.9999906676575802 0.06517685894193903 0.20054167198782125 0.27992596228338584
FixedParameters: 0 0 0
#Transform 202
Transform: MatrixOffsetTransformBase_double_3_3
Parameters: 0.9999753326320572 0.0051774392883434115 -0.00467561435635956 -0.005177552080266538 0.999986179028665 -0.00010679430821489941 0.004675382086517863 0.00013120967057473726 0.9999891252806568 0.0371291381611627 0.12896028989611352 0.20059211852036896
FixedParameters: 0 0 0
#Transform 203
Transform: MatrixOffsetTransformBase_double_3_3
Parameters: 0.9999744250452198 0.005298099969317 -0.004743883172229692 -0.005297895977434382 0.9999859303895992 0.000034133467358596044 0.004744110986098601 -0.00000886543289856841 0.9999884937311241 0.04590684080865515 0.13948606422057708 0.24647937038282208
FixedParameters: 0 0 0
#Transform 204
Transform: MatrixOffsetTransformBase_double_3_3
Parameters: 0.9999790495603205 0.0048262387670462694 -0.0042024256023564036 -0.004823757788628163 0.9999884350511191 0.0005432827425775997 0.004204569107853663 -0.0005227185694007539 0.9999910463245067 0.07844002075476908 0.2077654408041809 0.29337699957241625
FixedParameters: 0 0 0
#Transform 205
Transform: MatrixOffsetTransformBase_double_3_3
Parameters: 0.9999758412046824 0.0052730203686594855 -0.004620981377164935 -0.005272983400628388 0.999986195103392 0.000016366746767691093 0.0046210235612004205 0.000008366940038261636 0.9999896460692949 0.05846646695343338 0.1311071813962741 0.21018838784775085
FixedParameters: 0 0 0
#Transform 206
Transform: MatrixOffsetTransformBase_double_3_3
Parameters: 0.999975323463929 0.005320237257584091 -0.004623027676273484 -0.0053217592678554615 0.9999855414527508 -0.0003684065206858985 0.004620973021907146 0.00039359445117683926 0.9999894916854549 0.058998149161865854 0.14148665609313582 0.24557003851622738
FixedParameters: 0 0 0
#Transform 207
Transform: MatrixOffsetTransformBase_double_3_3
Parameters: 0.9999748802476067 0.005306069811153542 -0.004686391717792072 -0.005301924927776436 0.9999851129406627 0.0008808682760644432 0.0046916048672354434 -0.0008561267526901266 0.999988258707913 0.059439093941222154 0.20338864707723303 0.29842912903708196
FixedParameters: 0 0 0
#Transform 208
Transform: MatrixOffsetTransformBase_double_3_3
Parameters: 0.9999773746874637 0.004825039055596347 -0.004619913709123672 -0.004823959808246606 0.999988673317125 0.0002362916935724016 0.004621084757503162 -0.0002137079972539562 0.9999896001194255 0.0462720901489746 0.13851817001862798 0.2102625390148205
FixedParameters: 0 0 0
#Transform 209
Transform: MatrixOffsetTransformBase_double_3_3
Parameters: 0.999974367355811 0.005031664735870938 -0.0050313389827527305 -0.005032338890115572 0.9999876741576397 -0.000054682027842801675 0.005030664694508047 0.00007931467078139941 0.9999876842206433 0.03042942244873359 0.12788621667705513 0.2516657914262481
FixedParameters: 0 0 0
#Transform 210
Transform: MatrixOffsetTransformBase_double_3_3
Parameters: 0.9999722459842912 0.0053673119528010104 -0.005093620553552628 -0.005365693352509758 0.9999861342197902 0.00027033835264503054 0.0050953789638690395 -0.0002436583228441918 0.9999869796659423 0.013875920437129707 0.19059699473160663 0.3031447932411453
FixedParameters: 0 0 0
#Transform 211
Transform: MatrixOffsetTransformBase_double_3_3
Parameters: 0.9999733042675284 0.005232123413527742 -0.00503190951567197 -0.005232874401733502 0.9999865903121685 -0.00016067299002212455 0.005031088578447044 0.00018732832132530797 0.99998765340246 0.006249234008805615 0.1356646084719273 0.21520036944371412
FixedParameters: 0 0 0
#Transform 212
Transform: MatrixOffsetTransformBase_double_3_3
Parameters: 0.9999764824595677 0.00482235837267199 -0.0049256118429699715 -0.004823648321150448 0.9999886268200721 -0.00032224828752585043 0.004924390030516786 0.00034575542424493643 0.9999876325237032 0.028772625740728586 0.14899455093505765 0.2411583440138685
FixedParameters: 0 0 0
#Transform 213
Transform: MatrixOffsetTransformBase_double_3_3
Parameters: 0.9999769220398317 0.0049003139621765675 -0.0045895237556709025 -0.004897677009054684 0.9999877445222278 0.0005164897600069198 0.004592471790689197 -0.0004935066636603794 0.9999896674635875 0.026334574163243474 0.22027199223116156 0.30208303209622756
FixedParameters: 0 0 0
#Transform 214
Transform: MatrixOffsetTransformBase_double_3_3
Parameters: 0.9999758722158297 0.005081877340664635 -0.004827238518861585 -0.005084124270189445 0.9999869691863604 -0.00042746834008865187 0.004824765427183295 0.0004525300750960516 0.9999885158254098 0.022250759851004887 0.14258936306049463 0.19477076366587198
FixedParameters: 0 0 0
#Transform 215
Transform: MatrixOffsetTransformBase_double_3_3
Parameters: 0.9999816862923483 0.0043884057624309246 -0.004248681289701625 -0.004391596253429446 0.9999903543900611 -0.0006013527142042042 0.004246316660961572 0.0006206461152424231 0.9999905852541334 0.044981531695711396 0.15698398231118915 0.25644396565276395
FixedParameters: 0 0 0
#Transform 216
Transform: MatrixOffsetTransformBase_double_3_3
Parameters: 0.999979487527991 0.004921584516799227 -0.0041577687001705214 -0.0049184250764388844 0.9999880528523901 0.0008704681643061489 0.004162236117508024 -0.0008505333004132843 0.9999909537385572 0.05166928863161502 0.22078288253406697 0.3123706201376706
FixedParameters: 0 0 0
#Transform 217
Transform: MatrixOffsetTransformBase_double_3_3
Parameters: 0.9999811842277541 0.004387763989889358 -0.004190390163313169 -0.0043912360584570055 0.9999901353470613 -0.0007636130529821195 0.004187608318460781 0.000781388624649056 0.9999908553557645 0.05180267123473925 0.11502020057238838 0.1996536608644348
FixedParameters: 0 0 0
#Transform 218
Transform: MatrixOffsetTransformBase_double_3_3
Parameters: 0.9999805781694987 0.004388086683585814 -0.00437792076721065 -0.004390911863967983 0.9999902892108122 -0.0006557897637100754 0.004375078283826141 0.000675211425337285 0.9999904031688276 0.04598539705678206 0.12001249447466478 0.26070799352735463
FixedParameters: 0 0 0
#Transform 219
Transform: MatrixOffsetTransformBase_double_3_3
Parameters: 0.9999805408471573 0.004393163021649599 -0.004489888308585319 -0.004390842638931459 0.9999904787692329 0.0004907240878752675 0.004492113453273983 -0.00047127473585584527 0.9999895993519607 0.04737931044003574 0.18237738796149472 0.29584543338425817
FixedParameters: 0 0 0
#Transform 220
Transform: MatrixOffsetTransformBase_double_3_3
Parameters: 0.9999789086945049 0.004891884986663987 -0.004377368090402775 -0.004894116621170176 0.9999878245135225 -0.0004725869509615701 0.0043746365125591595 0.0004944109656911812 0.999990616632407 0.03199594479340817 0.0861664333880725 0.16928279872646357
FixedParameters: 0 0 0
#Transform 221
Transform: MatrixOffsetTransformBase_double_3_3
Parameters: 0.9999772065967215 0.00498868729137701 -0.004572248060713912 -0.00498831552030857 0.9999880920757257 0.0001618115297881948 0.004572744634805328 -0.0001381911864398805 0.9999890695209054 0.036371783893486054 0.1649066379202111 0.2758495889614565
FixedParameters: 0 0 0
#Transform 222
Transform: MatrixOffsetTransformBase_double_3_3
Parameters: 0.9999805736816957 0.0043942811357967505 -0.00437170256456144 -0.004391716443770021 0.9999901381117955 0.0007602140539228733 0.004375296525598895 -0.0007407881157204183 0.9999903090567971 0.039541173908176575 0.17928778485058672 0.26902308116141427
FixedParameters: 0 0 0
#Transform 223
Transform: MatrixOffsetTransformBase_double_3_3
Parameters: 0.9999805781055393 0.004391662903050639 -0.004374335156431067 -0.0043913374098699404 0.9999906915891539 0.0001612123914977558 0.004374665800614625 -0.00014179078571576744 0.9999908406112366 0.04824972736928146 0.14883986576732866 0.1789465528666483
FixedParameters: 0 0 0
#Transform 224
Transform: MatrixOffsetTransformBase_double_3_3
Parameters: 0.9999867230388652 0.0035956212122136735 -0.003787466044947444 -0.003594385811545671 0.9999938935437424 0.0004336195984655076 0.003789536197066811 -0.00042038007930667384 0.9999924648349698 0.0840052248461518 0.18777354551014014 0.25690088513831455
FixedParameters: 0 0 0
#Transform 225
Transform: MatrixOffsetTransformBase_double_3_3
Parameters: 0.9999875661546997 0.0035983988870004007 -0.003388332398927684 -0.003594595792451691 0.9999923802981283 0.0013041957482392078 0.0033936689702944267 -0.001291804132709644 0.9999938162269579 0.0945992508994209 0.2245307543274464 0.2884185004242781
FixedParameters: 0 0 0
#Transform 226
Transform: MatrixOffsetTransformBase_double_3_3
Parameters: 0.9999898026063999 0.0031115291032246133 -0.0033934338210373045 -0.0031114725071802823 0.9999952991927052 -0.00013344289752427203 0.003393568814143043 0.00014456076723277022 0.9999944647710514 0.07300520806931843 0.16281348736809775 0.1812384952564159
FixedParameters: 0 0 0
#Transform 227
Transform: MatrixOffsetTransformBase_double_3_3
Parameters: 0.9999847316741823 0.0038898357811811535 -0.0038901659223930965 -0.003891165915035068 0.9999927741903453 -0.0002918673723718436 0.003889835489180966 0.0003071356981737421 0.9999927780813479 0.078228632064409 0.16067752644251243 0.28370109431805446
FixedParameters: 0 0 0
#Transform 228
Transform: MatrixOffsetTransformBase_double_3_3
Parameters: 0.9999896843323012 0.0030051126625179705 -0.003505047268401951 -0.003003890163804221 0.9999958724379141 0.0003225322863086446 0.0035059521319302516 -0.000311467619848602 0.9999936109155936 0.10073684264563099 0.17925493258071867 0.296299492324259
FixedParameters: 0 0 0
#Transform 229
Transform: MatrixOffsetTransformBase_double_3_3
Parameters: 0.9999896709572238 0.002668045629480113 -0.0037693855217753197 -0.002669957876248066 0.9999966070330093 -0.0005139414183975231 0.0037686150814659125 0.000524060456461302 0.9999925251983701 0.11300029874554696 0.14459437045330503 0.21444553229878238
FixedParameters: 0 0 0
#Transform 230
Transform: MatrixOffsetTransformBase_double_3_3
Parameters: 0.9999906761149928 0.0026697518074174763 -0.003492191295278689 -0.0026692512450815966 0.9999968686191479 -0.00006667913674205075 0.0034928095486935406 0.00007632569121493945 0.999993797271087 0.11852749723729517 0.19417929322550265 0.32551297866942974
FixedParameters: 0 0 0
#Transform 231
Transform: MatrixOffsetTransformBase_double_3_3
Parameters: 0.9999911744827477 0.002671241632810916 -0.0031129329415590236 -0.0026697570507882348 0.9999967091998322 0.00040331434016178914 0.0031140640085763043 -0.0003946850720299522 0.9999951468798083 0.11458644937945905 0.20627016016706534 0.3092646928541072
FixedParameters: 0 0 0
#Transform 232
Transform: MatrixOffsetTransformBase_double_3_3
Parameters: 0.9999927684868174 0.0024290341798558993 -0.002886811690652509 -0.0024299649175362793 0.9999969856193694 -0.0003309874263370424 0.002885186352210659 0.00033801054692526313 0.999995559086859 0.12792001347334292 0.15448362634684543 0.23198207550173322
FixedParameters: 0 0 0
#Transform 233
Transform: MatrixOffsetTransformBase_double_3_3
Parameters: 0.9999890143551403 0.0029107166399604976 -0.0035375852033268807 -0.002909281220713663 0.9999952961464681 0.0004902966301701914 0.00353841083131849 -0.00048070536988459485 0.999993246784971 0.15052848624956994 0.22473242789477865 0.32438403049049214
FixedParameters: 0 0 0
#Transform 234
Transform: MatrixOffsetTransformBase_double_3_3
Parameters: 0.9999908738866983 0.002368344133320825 -0.0035380984338814992 -0.002366654863777802 0.9999972505189733 0.0003843768640192276 0.0035388977406652722 -0.0003756219963875749 0.9999933345670324 0.11556997011255987 0.208962941673974 0.2646110012037042
FixedParameters: 0 0 0
#Transform 235
Transform: MatrixOffsetTransformBase_double_3_3
Parameters: 0.9999890210463006 0.002866155253291602 -0.0035724721393883634 -0.002862847110490244 0.9999960157819949 0.0008872373949225767 0.0035755280091286108 -0.0008777618336272362 0.9999934476443729 0.11859334757807005 0.219860742691381 0.2925040446780187
FixedParameters: 0 0 0
#Transform 236
Transform: MatrixOffsetTransformBase_double_3_3
Parameters: 0.9999918112810179 0.002721489912577278 -0.003127708194290452 -0.002719514698421411 0.9999963727406871 0.0004795100506024772 0.0031292953992192625 -0.0004714877959079676 0.9999949863388756 0.1121167988738705 0.22362907874190796 0.3094398501460631
FixedParameters: 0 0 0
#Transform 237
Transform: MatrixOffsetTransformBase_double_3_3
Parameters: 0.9999910468055948 0.002835542024691457 -0.0031484128887121605 -0.002835458247689309 0.9999959387327202 -0.00014107407361655015 0.0031485877497166425 0.0001499292988435612 0.9999950657316978 0.10048449659198866 0.14504710716229852 0.19266387026618048
FixedParameters: 0 0 0
#Transform 238
Transform: MatrixOffsetTransformBase_double_3_3
Parameters: 0.9999926616179067 0.002843362821683915 -0.002500722743820993 -0.002844635321170901 0.9999958468676226 -0.0002508880928531979 0.002499275148404598 0.0002581081389423999 0.9999966852102847 0.1422685739916858 0.1955680688028565 0.2856694543770004
FixedParameters: 0 0 0
#Transform 239
Transform: MatrixOffsetTransformBase_double_3_3
Parameters: 0.9999941098133849 0.0022592785959115852 -0.0026051596643940954 -0.00225572062259364 0.9999963211093396 0.001260883345909329 0.0026078395511271624 -0.0012551149606363698 0.9999956235676694 0.15803169620457425 0.25246716407255576 0.31158226926772414
FixedParameters: 0 0 0
#Transform 240
Transform: MatrixOffsetTransformBase_double_3_3
Parameters: 0.9999930591681089 0.0020865159496761686 -0.003096325748849207 -0.002087481901709814 0.9999976200822677 -0.00015253754031308852 0.0030956746048265275 0.00015946028655421717 0.9999953904141903 0.15817792845615486 0.18134561621882028 0.1895507754147161
FixedParameters: 0 0 0
#Transform 241
Transform: MatrixOffsetTransformBase_double_3_3
Parameters: 0.9999933826826051 0.0022544757432648825 -0.0029211782163870294 -0.002255528203380313 0.9999976419450723 -0.0005194146949680174 0.0029208217283479315 0.0005255884566451391 0.9999951947218039 0.14371299500122348 0.18044053006461525 0.2820569998746336
FixedParameters: 0 0 0
#Transform 242
Transform: MatrixOffsetTransformBase_double_3_3
Parameters: 0.9999933833478005 0.0022554836895786936 -0.002920400603525805 -0.002255520474591636 0.9999978811913831 -0.00017441419436661022 0.002920599894595925 0.0001805886215390462 0.999995439143524 0.13489736302591382 0.19722364575632412 0.2931641830555449
FixedParameters: 0 0 0
#Transform 243
Transform: MatrixOffsetTransformBase_double_3_3
Parameters: 0.999991701356345 0.002253432194787203 -0.0033497297107414874 -0.00225556958702887 0.9999973289139812 -0.0007634508743205527 0.00334827128957659 0.0007705515831234035 0.9999941958576269 0.12226439676844336 0.14968360943532844 0.16936085217529495
FixedParameters: 0 0 0
#Transform 244
Transform: MatrixOffsetTransformBase_double_3_3
Parameters: 0.9999913028076073 0.002545498465901745 -0.003349141541955708 -0.0025474987321059774 0.9999963146081189 -0.0004434719692795945 0.0033478598708248466 0.0004525259532040289 0.9999945867909423 0.13506097495677238 0.18838400999659655 0.28462003691083027
FixedParameters: 0 0 0
#Transform 245
Transform: MatrixOffsetTransformBase_double_3_3
Parameters: 0.9999905001608064 0.0026987426612810035 -0.003349013810832531 -0.002700257395825036 0.9999965716649869 -0.00037096046123424024 0.003347986477463554 0.0003800390974949252 0.9999946464942954 0.1283881676553733 0.18042944621778645 0.2683240362645165
FixedParameters: 0 0 0
#Transform 246
Transform: MatrixOffsetTransformBase_double_3_3
Parameters: 0.9999910215103165 0.002599068942784948 -0.0033502772223495242 -0.0026019330695153256 0.9999964708617061 -0.0008712908501866651 0.0033477237246983607 0.0008797090853333877 0.9999940176410803 0.1189041693796753 0.13717918227926873 0.19146807192760207
FixedParameters: 0 0 0
#Transform 247
Transform: MatrixOffsetTransformBase_double_3_3
Parameters: 0.9999914041336387 0.0027023583242154663 -0.0032080157257709323 -0.002700644279447475 0.9999961623679948 0.0007386699600154626 0.0032099842505044778 -0.0007303316501441156 0.9999941627792653 0.12691631069392884 0.21197670186782602 0.3269100296686531
FixedParameters: 0 0 0
#Transform 248
Transform: MatrixOffsetTransformBase_double_3_3
Parameters: 0.9999915391073266 0.00249741365447534 -0.0033506789940975085 -0.0025005905957175066 0.9999966068473078 -0.0010676307774379055 0.003347323609785572 0.0010753691674635745 0.9999936360251462 0.11939071297115333 0.14491415378712702 0.23224610168266935
FixedParameters: 0 0 0
#Transform 249
Transform: MatrixOffsetTransformBase_double_3_3
Parameters: 0.9999905015650644 0.002696013957575132 -0.0033512073471492617 -0.002699982451950477 0.9999953058486762 -0.0011849619637059714 0.0033477887782716377 0.0011940359444181819 0.999993365884448 0.12841175036005836 0.11843986219918179 0.21128868103959775
FixedParameters: 0 0 0
#Transform 250
Transform: MatrixOffsetTransformBase_double_3_3
Parameters: 0.9999913447357031 0.002699498076504743 -0.0032194228550088203 -0.002700505784827458 0.9999966854704133 -0.00015230729977587585 0.0032195777510584263 0.00016069268346126543 0.9999946102807488 0.12708974493776282 0.18286419536546816 0.2828236233757835
FixedParameters: 0 0 0
#Transform 251
Transform: MatrixOffsetTransformBase_double_3_3
Parameters: 0.9999913109339593 0.002696656238028907 -0.0032277985636971884 -0.0027003437639013758 0.9999956437279844 -0.001032293050240551 0.003224204550846845 0.0010407038582305485 0.9999945185347181 0.12299995632623961 0.12307944666994786 0.20613495343636146
FixedParameters: 0 0 0
#Transform 252
Transform: MatrixOffsetTransformBase_double_3_3
Parameters: 0.9999913904073612 0.002295646747179904 -0.003367284583528704 -0.0022983494815565783 0.9999967327461524 -0.000991268737620394 0.0033657112344736948 0.0009997344955356585 0.9999936756089884 0.14218795786126748 0.12556438400551428 0.21784836308735578
FixedParameters: 0 0 0
#Transform 253
Transform: MatrixOffsetTransformBase_double_3_3
Parameters: 0.999991763666813 0.002298714842626122 -0.0034571922583410304 -0.0022992887050604103 0.9999977076833111 -0.00007905163382485715 0.0034568106240522164 0.00008694699779992689 0.999994042205537 0.139447810756252 0.1837181395462011 0.2788090390182276
FixedParameters: 0 0 0
#Transform 254
Transform: MatrixOffsetTransformBase_double_3_3
Parameters: 0.9999913902443378 0.002297758565661286 -0.0033658459894345587 -0.002299238949037967 0.9999975810859131 -0.000364264346686527 0.0033651519882579714 0.0003727356088420272 0.9999945375731384 0.12283454267031857 0.15015181386398524 0.22402573749867827
FixedParameters: 0 0 0
#Transform 255
Transform: MatrixOffsetTransformBase_double_3_3
Parameters: 0.999992040756038 0.002607114201494395 -0.003026902399997676 -0.002606884149485351 0.9999962020822015 0.000041891118646880246 0.0030271005320054657 -0.00003410827634091063 0.9999958357861871 0.13717266575346798 0.14366226298757567 0.2142011200177052
FixedParameters: 0 0 0
#Transform 256
Transform: MatrixOffsetTransformBase_double_3_3
Parameters: 0.9999920263691703 0.002754292123866002 -0.003064046526826466 -0.0027507104673174113 0.9999952712997612 0.0010774367612065134 0.0030669561694597535 -0.001069561099199113 0.9999944502568647 0.1261153012043934 0.2336782595082667 0.31539611807617973
FixedParameters: 0 0 0
#Transform 257
Transform: MatrixOffsetTransformBase_double_3_3
Parameters: 0.9999913016074808 0.0026231987194536054 -0.0032890434759669882 -0.0026218006656157445 0.9999959896035839 0.0003686261235777839 0.003289955285209043 -0.0003603726214385468 0.9999940462831993 0.11874385485779726 0.17387411850272372 0.2190519330629499
FixedParameters: 0 0 0
#Transform 258
Transform: MatrixOffsetTransformBase_double_3_3
Parameters: 0.9999912220128868 0.0027038959933743025 -0.0032354167991675603 -0.0027021066185904555 0.9999963509422672 0.0005897475477595733 0.003236582029026803 -0.0005812536497856208 0.9999941854465288 0.11337451230890849 0.1952271081611059 0.27433739518134814
FixedParameters: 0 0 0
#Transform 259
Transform: MatrixOffsetTransformBase_double_3_3
Parameters: 0.9999898948625641 0.003029698399812683 -0.003305529319979033 -0.0030263013530347467 0.9999951653107709 0.0008210120100149342 0.0033084710366526977 -0.0008109847137186446 0.9999943978355951 0.08500742960070795 0.22437496032321746 0.31055284182912857
FixedParameters: 0 0 0
#Transform 260
Transform: MatrixOffsetTransformBase_double_3_3
Parameters: 0.9999890434124605 0.003306742830612968 -0.003166262215895532 -0.003306249396088144 0.999994060613629 -0.00007453228222555454 0.0031657331714050004 0.0000854691296933913 0.9999949699987533 0.0877310285630557 0.16505946876853272 0.20239741746070194
FixedParameters: 0 0 0
#Transform 261
Transform: MatrixOffsetTransformBase_double_3_3
Parameters: 0.9999914612785651 0.0027659748696966615 -0.003144024832057275 -0.0027660283307213186 0.9999963491338195 -0.000004303580984856752 0.003144977806496797 0.000012699039856930563 0.9999951120002489 0.11062356758174019 0.20495185050428688 0.302249834652514
FixedParameters: 0 0 0
#Transform 262
Transform: MatrixOffsetTransformBase_double_3_3
Parameters: 0.9999908590768792 0.002901530826755211 -0.003118505427870684 -0.0029004674139359856 0.999995555093081 0.000175046695242994 0.003118494672872513 -0.00016595307878886038 0.9999952458431334 0.0811742620496716 0.22189751730211071 0.33262779639041185
FixedParameters: 0 0 0
#Transform 263
Transform: MatrixOffsetTransformBase_double_3_3
Parameters: 0.9999902751819321 0.0030768320861611982 -0.0030431794438500873 -0.0030771656982039367 0.9999953849565866 -0.0003786393645060418 0.003041819370675854 0.0003883629927516986 0.9999955960786137 0.08299978126318308 0.1713615921573819 0.23279690096516958
FixedParameters: 0 0 0
#Transform 264
Transform: MatrixOffsetTransformBase_double_3_3
Parameters: 0.9999896879808462 0.0028708226729890715 -0.0034743189807871916 -0.0028701757492272627 0.9999957040206312 0.00024197431590724662 0.003474679606654413 -0.00023202711456971612 0.9999938716213057 0.10305405028812231 0.2120173296536052 0.34488221165081256
FixedParameters: 0 0 0
#Transform 265
Transform: MatrixOffsetTransformBase_double_3_3
Parameters: 0.9999934636703589 0.002321183851623203 -0.002854226328236773 -0.002318817780909002 0.9999970331179279 0.0007676233562784443 0.0028567736179290846 -0.0007613737870333325 0.9999952616301417 0.10721045200151025 0.21861551389524436 0.3455139887308789
FixedParameters: 0 0 0
#Transform 266
Transform: MatrixOffsetTransformBase_double_3_3
Parameters: 0.9999971916917175 0.0012991559833341246 -0.0020298996230786993 -0.0012988433632760516 0.9999993066681107 0.00007863675660774 0.002030099669115861 -0.00007536280999956433 0.9999978731658443 0.09897810696924125 0.1889403227576878 0.3076751524544932
FixedParameters: 0 0 0
#Transform 267
Transform: MatrixOffsetTransformBase_double_3_3
Parameters: 0.9999949342589216 0.0018054111732909374 -0.002609025903308168 -0.0018035902961217158 0.9999984516291802 0.0005427087084842106 0.0026099765729186123 -0.0005382909946475073 0.9999968983481827 0.11193023279163583 0.25035292305463486 0.42587533756223905
FixedParameters: 0 0 0
#Transform 268
Transform: MatrixOffsetTransformBase_double_3_3
Parameters: 0.9999927858834758 0.0024392501197580884 -0.0030436030779887463 -0.00243975057412098 0.9999969880535228 -0.00024257629889782507 0.0030434003978417777 0.0002504255975895376 0.9999956763045718 0.10202386545503828 0.20683073347751701 0.30162940532187577
FixedParameters: 0 0 0
#Transform 269
Transform: MatrixOffsetTransformBase_double_3_3
Parameters: 0.9999923992864889 0.002131467955792012 -0.0031713562359390766 -0.0021325302401240774 0.9999974265053279 -0.00016423812773161628 0.003170642016388158 0.00017075931663127343 0.999994916668906 0.09873533305865578 0.19296642333283387 0.33736392927215064
FixedParameters: 0 0 0
#Transform 270
Transform: MatrixOffsetTransformBase_double_3_3
Parameters: 0.9999932312878096 0.0020254446887079266 -0.00294400342514821 -0.0020235531846179654 0.999997660307337 0.0004939601981994732 0.002944991488150465 -0.000488037887179817 0.9999950888179336 0.10610884987544011 0.2505630755053261 0.40455877351053715
FixedParameters: 0 0 0
